94
233 75
65203 95929 75648 80620 23855 62034 58815 68014 61363 89884 84936 29566 45297 18159 6552 19845 49919 18886 82651 24361 50994 38056 54594 61684 76529 67116 39377 72822 48463 67783 22883 58864 94158 77384 82027 34989 10642 1602 41182 26491 52542 72359 44501 20353 28073 83716 96984 16149 49723 73002 48126 13953 26943 17990 7574 53928 14044 83721 69606 63762 6489 15738 71385 60486 84370 95770 28283 25262 56514 88461 47390 88769 98639 12612 72800 
566 270
8392 60113 53337 48112 63239 904 31234 62445 37463 80289 91343 70501 13037 35763 1340 91797 67760 14515 64974 71482 1450 89825 92906 13716 81532 75673 23224 34484 912 48711 3721 33046 87725 58455 14046 34962 16318 71632 86022 56063 86163 64831 8829 71764 10603 17968 94965 16165 66836 85866 14613 71949 24154 34779 75390 83308 11029 54256 967 54034 70079 4985 78805 17376 74626 25775 89095 51660 32065 37734 14134 62935 68975 79782 58922 94815 38264 16914 80697 79702 83768 39523 98614 31833 74061 59066 41392 14435 70584 39313 90315 42756 99039 40963 24002 67933 76602 39586 55025 90698 94034 71953 52841 65566 12082 52544 74904 97940 84832 53685 5854 49086 94733 59085 17797 36108 48137 76846 62033 38343 58 75134 4596 25196 50364 86373 29537 97495 17678 6201 82463 18260 6814 98228 13588 55965 38845 26337 38833 82565 10252 89461 7294 53615 93334 81981 45383 23438 72086 2696 17155 86903 10859 89054 99075 41416 89359 61622 15174 28807 80915 12161 17162 61347 57183 43760 36530 12567 17664 84436 93532 7865 76704 79809 26692 49209 83153 43912 14401 32884 92224 53576 26796 19485 4776 41275 85576 30784 55272 70821 21511 44515 77085 83077 68134 35619 60690 49591 34835 38700 67466 67835 61947 78644 10795 2562 80431 27138 32918 68212 73131 81209 11568 14459 43804 79723 65214 79347 64462 71595 78842 29173 23414 30456 23102 52344 37223 44497 53186 45995 87115 21166 51309 44570 32469 83262 88308 79072 55920 10914 45976 13036 24020 89339 31570 62017 93751 57091 89540 70364 52612 46658 13058 75113 33170 84881 64084 88139 74083 42859 4269 86104 79350 31871 93222 55955 12157 47370 85408 67314 
316 226
55874 19235 92734 45424 89330 68092 51259 65157 11376 71985 47075 55014 26310 20218 64904 48515 88757 64358 46041 11698 55689 4066 16497 5903 19065 17371 9600 13769 87109 29628 34360 99688 26255 44721 65175 7726 91004 59112 56026 30606 24752 90317 74448 42129 77926 48626 12078 94063 45738 80578 68083 98292 93847 51018 71680 76044 38603 9030 28034 47767 13219 49629 12678 19578 21900 15368 40782 47637 41591 21251 93756 71013 68985 1853 37184 66072 93231 84200 76779 11938 73265 92513 72918 3612 56828 39973 70723 94703 84170 23895 69617 10299 38150 6539 41902 61658 86685 77494 59102 87682 50413 52317 80375 8446 37133 76573 29640 55024 18096 28442 54001 27335 43944 89781 79359 56351 38193 50445 53297 52101 36348 81878 76449 20767 40043 1910 32913 88578 32506 38922 7152 32462 72445 74885 52935 52354 58413 21621 81105 33313 16725 54039 9794 79323 57317 95325 2640 86660 94774 18495 55697 11253 61631 4095 77078 20740 26226 79996 55032 2659 49042 70737 13679 66571 73761 62644 54607 44132 37633 1333 88947 40476 11097 89386 91318 96259 75078 1591 45114 32457 3889 83915 28111 83034 74530 71317 20489 14244 65990 26928 85097 45887 66694 77059 25309 49335 77214 48088 43744 84755 3179 94807 2137 96728 33556 81348 94497 98893 60397 31953 41167 1988 72022 8676 32542 48810 71260 87306 27590 96874 7426 77505 56212 47273 75062 34616 
933 386
27173 89811 15319 39568 73768 85522 35395 80986 52347 3448 43116 44583 19102 83141 10379 42304 79953 50042 88269 49036 89652 2455 82283 47680 91562 53328 6546 34520 45483 51656 13907 3602 39726 32783 7449 50695 19802 66542 20415 25346 87598 86239 10991 47662 90616 44693 56334 91365 76978 16040 82442 57873 70783 63382 12739 67957 71014 69070 51622 62811 43268 89320 85472 19749 34460 15645 51278 85265 71257 1085 53583 54909 82133 83623 98843 30760 97424 40828 40362 62993 61404 33866 88984 77018 51235 33173 65084 86009 22408 46017 25713 53636 16534 96335 74450 52740 22644 46169 368 98478 72554 79675 5190 47536 80849 2244 1884 48059 98030 79599 797 21575 73829 18371 37393 33756 65867 52963 16194 5984 98384 62023 58050 39647 52475 402 18795 3977 14292 74480 70668 78059 13177 93828 94188 66385 48662 50904 38298 17055 62006 39816 83925 7972 93074 32472 16740 1803 70132 83348 23931 35961 18760 53144 21769 32813 9190 3656 11734 82230 30069 57280 5007 23997 54373 33780 69573 15141 50384 36809 32059 62485 81361 97301 81126 72724 31704 95513 86113 28062 89642 19542 54315 36293 72640 66967 58636 32427 78946 19059 13198 71188 94220 6873 1411 96658 16156 24762 69693 69732 76792 39778 49662 53907 12675 18966 44976 25444 63563 5613 59394 40805 57428 58779 90663 73852 97224 13876 78966 83614 88924 78455 89939 47375 3712 33144 90056 87820 55239 82654 60105 41759 79765 66485 75397 30696 64482 79824 30623 36116 53810 1820 43750 50613 78126 5113 59343 51839 69219 29921 82569 35898 14084 18250 28110 50294 21314 65582 34072 46202 23098 43454 13488 11789 37837 29926 39275 82570 1371 65497 76280 68324 47465 83133 66676 24846 40391 86805 56516 72078 98855 71072 72545 41599 21791 99976 79435 791 75174 76641 49781 53223 8125 11086 94989 47524 35666 39864 4109 76571 71683 14743 75083 70903 21237 93703 44755 99212 53214 61371 339 14133 75439 81842 18420 72697 12148 49029 40635 30652 2684 31911 14204 49227 31664 38595 53703 3792 89631 76378 24888 84557 2523 46918 62058 82716 39170 39520 83715 22811 88867 60559 60889 12037 63199 18786 60008 81056 32727 75141 41884 82977 19971 93215 29486 38810 11178 70292 27167 32178 30781 942 5130 53501 80295 63433 30852 4327 53841 55303 3766 12231 85813 91529 53680 24353 51332 88560 46271 86910 70352 8154 95459 4647 58976 56544 
82 382
12655 75365 76087 3828 71847 37587 40468 14982 95143 69230 85405 35251 52304 6672 18407 8977 15338 28619 40959 61588 34745 6545 19615 24615 87600 54936 7807 69945 34696 17238 90703 99833 59174 7622 49074 46067 11451 48629 83799 94801 87991 89039 61562 34807 71970 49994 92980 85925 77654 14588 64365 60385 17417 73652 49038 63572 85426 21766 54858 48690 94372 88745 96582 54790 85007 91048 65965 6705 74969 54962 51488 80559 94345 95648 29031 38371 1164 41184 16825 61364 62789 89020 59915 3975 53435 83882 81338 85672 81071 89444 66872 76265 83183 81296 27242 66419 93982 40696 65129 50992 58915 80492 69533 39630 10634 84227 11583 96716 37973 57908 19086 14413 20064 33358 19544 40175 21839 18974 39085 11946 64619 44476 8173 60501 81613 63589 10465 99358 82527 6239 50395 64832 75459 32971 67682 2993 13010 48969 60826 10755 93607 55595 51388 42879 19612 60859 5398 59519 37825 80101 75095 17097 9879 21283 96280 83570 72773 79367 54537 93722 39261 51180 3857 78828 93949 18621 99715 66762 37654 39593 280 8073 76170 50033 94805 89131 79320 50031 92737 23793 60523 90344 59153 28335 3163 94165 35032 23375 25592 45336 62070 51045 91118 62994 52122 87527 16933 90162 20844 90787 88018 79158 82599 29438 14835 73204 85070 29917 40032 32118 70727 11321 88847 81424 62996 49837 1037 61592 61591 32501 90210 98252 9238 48256 70739 68773 13523 62508 15318 28609 93071 36435 91375 40816 41692 71420 26947 49814 95887 85599 43544 10548 30407 836 44011 97236 86124 60864 31895 44931 45003 13424 14908 93706 2514 24855 50504 41792 27492 3508 64504 63871 34938 66429 69359 44155 68990 56273 45126 72312 53147 46125 46589 2607 85590 28579 269 46996 89498 99517 10902 28436 28549 31098 75359 70264 46226 85053 48054 84837 34115 8114 94666 31909 49339 30121 38241 27774 90032 36427 73144 31458 43688 23354 48093 39365 2136 3098 73887 15931 33982 4811 78772 7603 20649 58645 3103 70782 94592 26100 37650 83672 42883 14186 18759 23527 78162 28038 96783 19244 67293 28888 48819 11552 90555 55436 35704 76540 1694 87030 27365 36712 87698 8716 42097 10486 56149 9480 8556 1755 90857 51149 56612 63764 37020 5634 13668 32000 77823 42102 83224 2363 41916 63230 32256 71516 94922 97857 32711 61079 80749 41626 87146 42615 38401 7745 9642 21316 51603 13241 83151 7062 
388 378
3963 28754 91626 64055 57211 20400 82259 63732 10418 95865 96642 33624 26287 59402 13438 22571 99219 16275 79410 37477 8727 21556 46643 73186 45334 93361 13561 4951 72129 10052 60944 70243 82057 81840 35901 23787 69794 65552 69191 90306 839 53418 16369 35810 92016 61233 44818 42220 90202 59059 59185 65348 61884 21260 47289 75316 3351 50334 55202 79478 47705 63794 75274 95111 77035 33964 35758 42203 91876 24551 45807 89319 1928 74117 99389 98184 3057 44631 9343 66382 40765 31355 51285 95936 87070 58380 67247 75803 58576 50453 33375 59071 93738 40742 99263 51126 83641 579 87834 53123 5370 38341 83191 1170 41018 80724 20662 30261 75232 7168 31010 38331 19960 68493 8851 76479 41164 42060 15469 33373 51383 44336 45640 1617 52680 18555 35890 46633 72015 64044 43308 19023 44619 16788 30843 89509 58129 66395 70849 17242 30825 64233 36707 65834 44189 92580 10223 22496 36049 29604 67138 41746 52571 56631 32190 86404 41390 66687 61789 27497 22897 37590 23175 94640 82308 60581 60309 68795 33752 77198 17742 5105 51378 84238 8994 98553 59354 8735 2252 64322 86579 78833 37198 82515 88705 83751 199 14240 21869 68977 92217 20848 87197 37520 13239 28276 86307 34467 92077 19276 51548 22177 21680 92972 13701 74723 14480 77055 85815 41425 74993 5246 44257 68246 10139 37436 80919 28112 83683 94086 3410 11047 52796 88796 42326 9414 15906 73503 19673 2986 51781 91141 24199 23536 83233 84045 19050 48976 99552 60076 93929 81831 49999 13000 82355 22271 17807 19113 77971 54966 63378 54665 83403 8844 20080 89044 9096 83806 50449 61736 98074 95867 47393 61861 93179 92035 66801 69348 2308 52000 63664 86879 48415 85210 28575 29107 22204 74327 79939 62886 19404 76569 98284 23689 30423 1606 48317 16193 92285 93338 40993 62524 69778 45604 44144 50388 84480 45914 38755 45795 59080 22121 27340 52882 94816 266 91344 67259 37529 58979 29655 18135 7323 5727 625 64794 22214 1541 94254 49704 89840 92595 40030 31535 68315 53529 13268 99630 8681 57931 41842 52436 56439 44168 16173 17008 40259 1412 41931 14841 15126 32186 64354 11725 66240 58501 23410 95186 98907 70548 13506 4489 85862 68297 73715 82282 35610 60317 81465 69939 6821 67971 75326 70056 21060 59210 2761 18280 82837 26517 30475 22598 61910 48850 23913 81396 23608 54998 
589 374
16232 22490 77426 84228 88621 28293 21696 84733 61835 55512 85855 26355 10060 58325 46623 2142 75264 4698 85978 84584 23972 25147 80240 47724 5831 53497 41815 37677 29207 66048 55522 31890 36564 26575 122 70168 78930 99248 15726 37387 96648 97372 28109 19219 22986 39710 52930 57590 32345 56958 569 4468 69796 70215 5228 44630 40739 87817 94150 58651 94841 79763 6434 70277 75753 42491 83216 10290 31946 64899 98729 25273 53797 37967 89384 59406 69280 17184 73123 70614 87931 13271 57366 6743 36469 49224 48376 9934 88932 48928 55928 85081 57454 42854 89393 6872 74098 99435 24836 98009 64590 85554 88994 15254 80916 89292 54453 872 2701 89791 89974 50397 1618 73850 74449 73530 72057 30282 59462 20150 77767 91864 19258 4515 15596 38587 65908 34119 6216 16526 45791 57632 7638 96010 79353 94263 12075 4491 33165 65843 4755 63980 90844 37946 33711 28066 94027 70766 16197 6538 124 54166 45027 30349 71441 31851 90936 31228 14270 62343 82720 80172 578 78587 45364 82038 95646 55435 96078 19097 88805 55101 90200 6004 77698 87774 61183 96546 43914 18364 39716 31850 49895 32912 53823 95374 1309 69578 99599 89920 5096 64304 63004 60728 70208 77942 92377 3372 16394 14602 29101 37076 57667 10643 94360 89288 91130 65844 86756 8365 41428 85332 15197 53303 56973 70761 4745 69490 93034 4358 8441 30777 46694 53031 93577 52883 97120 22426 2697 35471 15795 88652 34344 62736 71584 56431 9004 4200 50217 63491 66436 11558 29856 94334 58847 38593 50838 2178 34555 19512 48958 10561 87414 70814 31254 27896 46678 68456 80923 19501 58812 20362 18283 8568 13529 63813 64698 47544 12187 74384 74038 90273 36834 39151 84320 27504 69332 86215 74895 33453 69134 74794 89270 8346 8825 88292 53690 86609 14108 74655 1338 57611 23286 57674 26814 6292 73655 29561 11910 31707 64380 80585 99804 64602 87732 16872 51561 64925 51955 6892 25761 80367 91183 42150 38491 20960 46283 80544 95602 17210 84340 68290 40989 33851 11319 81904 66118 19602 10155 21280 15494 25650 98320 55646 78182 34843 39026 56682 33335 23168 10096 33557 7514 28380 76965 5394 26708 23896 22259 86664 89727 27235 24555 25797 18103 41329 51581 39478 69083 26858 1713 37701 85610 29578 97254 95370 88748 56815 44684 91453 1387 54540 15850 80118 
693 370
92363 42772 65523 64814 98041 10575 14764 90874 34125 22659 24630 57766 71811 6571 60516 41265 25527 58970 36785 26939 90940 31070 58761 22337 83977 92142 1501 13538 72737 19835 44947 59748 35313 26257 44883 14731 98225 59833 79856 55177 93705 15335 97722 32648 36375 44381 58524 55863 82577 42767 65296 95108 86546 73010 29365 7759 94133 13686 97872 30907 68318 60732 7289 92777 90427 99760 42029 87343 69180 26010 15185 91289 99440 34073 59373 21765 13709 45829 29783 65206 10224 78193 77345 19382 96773 91882 97795 71828 47805 82618 18992 63800 80021 82363 15650 67939 39625 74224 34430 80026 1505 92529 76089 80054 2839 61723 36607 67100 59291 10053 86774 81720 82513 67118 74306 31507 84930 17874 67188 76587 25364 65477 54816 2332 63517 70029 79009 5542 29066 67251 14929 27644 55596 54610 85188 88155 11189 16570 32098 5685 83019 72070 45657 68084 90503 69062 64558 68415 45693 45493 64993 80059 83289 87370 47424 43380 16457 42861 15269 5248 33616 93057 22335 66045 44985 30792 52137 85658 53218 14003 44480 93855 40014 28459 279 3486 12625 24064 48479 87962 42161 60517 3775 69577 10348 39014 70576 50718 78436 237 67352 14494 2794 11180 68938 39953 77621 87611 65942 54329 31854 51559 92811 12401 81157 54616 65173 73181 93758 2674 98012 46265 51340 44181 22886 4146 18381 50372 71076 3185 34750 96585 14264 36534 8897 17455 64557 4712 50052 90337 89817 55975 8475 69485 29034 77294 48924 96713 2341 31288 41106 86130 49138 76331 81962 75126 84646 9647 76728 28242 5604 98717 98088 32545 50122 46750 83596 20791 26917 41451 65941 91752 54087 86424 60953 52950 55840 22712 38934 45538 23528 8736 30474 34453 70525 51237 25852 12018 3426 7428 78753 52409 14023 20482 14419 19577 94205 55901 448 67027 62231 23537 75027 72509 95531 54779 71757 58416 72881 72858 14217 57813 37545 90598 79860 17600 57948 78467 87953 24911 39916 89680 50899 45873 84446 19289 52255 56250 29124 16018 2482 77815 83094 69547 29280 98654 88868 15588 60186 40387 4943 72961 85955 43430 36504 49392 25173 2945 67840 18669 2017 96365 99001 10318 2962 91756 4787 59026 73636 63543 35033 56789 64537 92064 81746 3 19076 34799 30376 99984 22705 17982 89259 88959 1547 21965 64113 15970 62891 10684 
151 123
18087 10983 89720 17215 82793 7687 46133 96155 89276 15891 62501 26883 41121 61686 37301 77500 82583 18214 48882 71312 15402 63020 94791 9294 77848 49043 56699 81618 75019 9374 3607 64097 28516 95242 20146 29044 53871 31634 35915 50964 67825 67889 4313 82710 87974 12831 6657 98821 83053 22487 36063 18503 53118 94143 90639 33737 55047 67648 42330 38154 74481 91127 85084 71854 73117 46808 2800 13018 50659 46573 53402 54504 61090 86658 63638 8362 39443 46008 86068 31445 11511 21629 34736 19488 13695 24814 61361 99968 61952 40324 74962 62966 66306 94817 83675 3882 45422 60878 74518 99426 59133 57864 52060 70890 52268 60018 93964 95672 20367 94073 85343 12227 81887 81440 89981 22172 57737 50463 42289 66577 93278 72914 1063 
239 362
23258 37297 16712 71792 46014 97496 6564 29962 12935 6854 7646 17995 12087 62254 63267 79373 66028 98706 45129 89021 10236 70695 35463 25349 13259 58165 95730 68954 7301 31721 86481 6297 20117 48876 77897 84928 72544 95407 97874 36969 22163 19694 1465 26292 33511 5901 58306 98160 24392 5699 44778 7690 98117 20596 18136 80859 65351 63074 56992 44809 71745 56538 13728 54774 72313 82066 85294 73759 28872 33945 15401 56147 37737 5672 79595 79139 26093 33008 67265 1499 29117 90457 37014 34450 76402 60118 71336 9175 22865 34319 59639 86841 40384 25536 565 59452 46677 16659 64954 32459 83786 85349 43005 88985 1926 53640 66492 33445 35976 11507 52389 44866 28017 46306 23402 70803 33728 7055 49061 83024 97081 61765 7313 68765 10666 48233 34147 76320 25601 68422 99415 8305 69601 63400 33502 64146 27939 57011 738 39823 78357 70358 67972 69819 31322 60608 92632 91877 36765 39949 18590 93717 23995 14815 5954 82816 16094 95869 89972 67475 71167 72120 11171 59162 2169 22110 85675 16928 31956 86773 65588 8760 95246 14513 61176 55104 37193 76272 33379 94864 8824 50820 86848 6336 44210 90628 68176 70840 7345 49016 57055 10999 83758 49350 33832 90021 11467 86732 2433 88369 93125 27405 78165 64883 38807 82369 53261 50552 81889 56849 29312 56132 27301 92048 52376 35576 74790 52620 8805 8422 29516 95309 77801 33235 990 9242 46835 47234 71302 99166 73382 77921 49799 27605 48639 26506 99063 59323 70647 31319 74609 97737 16148 2190 18522 84383 53398 75930 23740 86977 58240 10392 35995 41675 34910 93544 83600 24872 7561 30449 63522 81259 74112 10362 6105 17823 82804 87639 61950 77052 65602 31760 66514 14685 72894 34172 94482 41506 25214 30844 31131 19509 62317 38758 71437 6327 78152 95210 38513 24420 6923 58935 48847 58071 11904 5174 29574 66547 13183 20816 48352 90762 46359 12770 18570 6799 21086 43091 98761 3861 93655 91634 55377 41298 51753 12848 72013 41254 62208 2109 54424 18666 22891 97102 98334 44297 60867 3859 22541 72609 7852 42997 12800 65444 94806 84683 22756 70724 43821 31616 88523 90975 34100 58375 90364 49665 25172 591 12743 23884 93691 75755 18128 73555 70958 54547 93952 66302 59182 46684 11677 52646 
952 358
85082 94725 15413 11210 68635 39968 72951 88053 90919 87646 61799 66175 77822 15689 33683 64853 57066 75014 41608 73494 65610 87689 4029 26335 36654 80883 43773 66104 79735 51604 88121 73071 39509 61378 50276 88384 37473 73939 70497 82930 28693 36800 63622 71114 49813 24605 36757 35140 365 12071 99732 86645 45846 27085 22528 39433 58420 40690 59916 36812 52599 97475 4562 81729 21596 63411 11954 2873 8719 57313 19395 98910 90956 42070 79057 70040 52299 92928 96819 13159 75577 8269 57625 49551 85307 51895 49277 36715 7395 14409 72589 40967 65422 84503 37670 79678 27256 64755 84159 89423 42239 51282 64532 89067 33172 9737 13746 82376 32424 46089 59046 81201 13768 17352 3197 98658 40076 75446 69612 19961 17088 74370 93643 90445 30346 5187 46519 52888 56586 2079 18716 55204 75572 20906 62316 2143 56373 6158 6425 95438 51401 83810 83987 11714 46358 50509 5519 62369 42986 50621 2840 78058 28225 53838 46638 4542 37523 1417 17035 13869 76012 31694 5681 20021 93195 99135 58162 73442 55196 94708 52391 3820 87775 26534 33751 91017 27674 99274 5218 12106 65290 28775 53038 47306 34506 31226 66005 63709 175 97782 51707 12467 88163 24240 31152 20746 26161 32782 68839 71421 74439 76620 87574 63178 90808 1890 75950 96787 70340 7686 59485 37243 12635 78960 57955 89153 6750 37985 59574 20989 84663 25600 27672 77415 92113 96580 71219 9060 57118 57300 20745 15075 21462 82326 17566 36930 49460 88592 46796 17340 25840 25361 325 38985 46106 55509 64120 71301 51813 87282 99842 39049 61225 55248 28409 79087 41259 75617 39751 5689 65794 86804 12762 66099 75012 47983 86395 46095 70661 80926 5637 41775 65272 89616 88623 27763 94219 76518 18838 35197 12878 62527 37941 29269 30076 48153 96478 82224 92948 10763 2427 11182 32796 84047 42574 50857 84943 19013 6853 50046 26940 43158 76623 13110 37310 35566 17518 58688 24720 37826 50745 95691 88428 4974 19041 59816 75579 57682 86443 47361 6063 13157 45663 37580 29061 76940 68981 10794 40240 27429 97893 93833 3029 83895 95884 3415 97990 62632 38680 2733 98576 60969 1700 4818 18224 62345 91166 63654 90506 32234 12384 87840 70795 73810 5605 33442 7727 98517 
242 176
96865 20191 69951 93438 18451 63767 77582 5870 68310 78954 40948 30451 49174 84005 71910 85877 36417 23496 15998 94705 40394 34924 6136 81996 44600 26466 98423 49547 75252 48759 88412 92467 55172 13847 67593 51691 42511 33153 91934 104 97752 65278 81625 63075 9219 41876 49756 4377 96624 95296 59270 74189 88404 27691 84292 96781 5084 15076 481 61332 6003 47879 66289 34329 80862 6266 24818 71813 94394 29132 98441 17024 5931 33716 54158 63064 84195 25171 33364 5660 48619 43398 90570 92933 45930 3786 16347 94757 14607 53320 19066 15059 79920 53963 53088 78544 10895 26544 29481 54731 11812 57836 53231 50317 33638 55372 60107 8923 45413 67911 34971 53136 11331 35599 12435 43758 47442 22996 40346 26568 53026 77616 36182 64978 38221 23206 69834 34008 70020 5609 64039 12546 92904 61062 36540 59530 58919 12518 69741 92629 90908 32637 37892 55520 20383 33401 86359 92149 41395 14799 97427 12896 49056 93575 18145 20339 17933 61215 65383 94339 27769 38924 64947 45038 65180 90722 78572 37570 32858 57563 16393 15635 30964 23309 12081 1303 
715 350
69493 9274 28003 27877 2360 13470 1790 49779 18064 89515 77066 12789 72573 1427 73345 97462 63090 52325 82190 71059 57954 20272 67794 28708 33291 3599 9807 82765 54276 6228 38046 25960 37144 90728 16191 94461 27650 82274 87144 13085 3445 86240 7100 38778 8720 61650 89606 29086 84838 1106 5461 72575 90066 20505 38313 52364 47646 89707 74142 11149 32003 82768 28136 34923 5188 42452 91309 43016 88491 27391 96628 83455 83748 39601 93565 46274 2274 9142 98755 55146 87480 14541 61132 69539 15256 20472 75381 40472 42563 54286 31913 11267 38857 95087 56234 92499 62575 79190 22503 75657 28611 18090 93624 12282 91452 29715 10366 8792 26478 94924 47084 2195 95415 76366 29367 48696 50226 37596 84922 8578 63789 68935 4494 45198 48106 96517 89877 40810 45674 18171 77780 96258 33061 297 71036 44007 89237 88931 36473 27710 12838 48516 59621 47461 66327 78495 97735 55635 93486 32615 35651 80639 23476 19165 69391 73271 36089 40069 14802 96766 73991 87704 42710 43577 71747 47320 77014 89508 97351 33907 28916 23991 9200 87264 95467 62224 30707 22119 36776 47124 79148 64068 86364 34600 42951 134 37168 34632 84483 98305 31442 51015 51670 64546 85380 12505 56416 57661 52538 62280 69290 48531 48405 51148 1317 76384 73167 49980 20348 28172 98903 49702 30693 13944 9380 13861 15708 70752 80404 26945 37775 56411 45661 91394 20585 62113 94600 58056 32786 9771 62434 55339 42807 61290 46539 48646 93310 21993 73794 30120 44958 16990 27104 73577 18606 87417 39223 46021 38574 23141 50230 60979 38674 6760 73799 39660 17113 15226 78774 65435 68052 49307 38176 62379 70439 73789 93848 81281 42805 41137 50886 66249 52440 18394 21414 93625 55037 62511 14866 28928 50335 29268 27450 854 84897 20389 32889 52248 67215 13051 49651 66827 1005 35782 12905 67209 47818 16899 76191 55680 67373 60137 57840 58540 64556 93818 91702 26413 51584 75157 39506 61153 18545 15709 19254 33827 65514 14615 33754 12063 89466 94145 94671 49268 773 82519 79838 20887 52243 87710 34442 11592 79690 55547 52547 72878 77168 22191 64326 93882 29505 78290 77356 2652 4960 43611 72847 19068 63853 30582 
466 346
53423 10384 3166 26251 98765 23886 95594 55399 72710 12592 51645 50519 41219 92438 72760 35376 64088 13373 13302 47564 38958 75787 34435 95850 46764 94004 50740 81557 96430 76375 54830 18688 90302 40274 73834 52267 93633 85607 89214 14926 17188 16351 39618 18602 28044 8941 57532 26411 91258 37261 62680 59602 67769 56025 63647 79622 36046 20523 39412 19158 21335 44430 93894 66785 98633 18899 69503 58202 58445 44139 23966 87635 36954 62715 17287 1949 98806 15896 16943 4375 9812 18062 14275 83405 90675 6012 72356 31120 60020 24423 69970 26349 82505 158 28898 43834 69068 76507 82497 91464 33938 5189 73760 97635 95028 1556 65380 58058 82906 31298 34590 62906 17130 32991 380 80463 68760 87258 78633 89387 17666 27003 10754 6023 50404 28573 39491 98996 57019 52949 91927 68360 13141 88492 23064 35274 54076 58637 59443 43555 88830 57064 73476 55488 94048 80801 79506 20084 80600 98812 37203 22555 75051 61359 33241 36881 63055 68073 43379 70012 10122 67219 47773 99137 88921 91199 39782 3979 84886 2286 38568 15240 40794 7174 48504 65190 17999 45310 13440 60882 66467 76647 52162 74064 71555 37364 6195 26139 48091 58982 2383 99574 53453 74036 7872 24486 43309 29260 72186 93162 17943 41525 1021 68740 5802 33732 81890 86554 35652 52584 40039 88850 10535 24661 43625 14115 69003 37048 78029 43726 97027 5166 85040 77514 91248 40710 88812 72653 79825 27075 75123 34078 15158 64510 57537 70131 9151 86519 67167 49063 70433 29878 33688 84068 78798 79436 94990 80813 6551 26949 40451 22250 4371 41237 31635 76880 38239 81641 32541 92949 98429 89392 78956 41855 93033 56051 60812 64334 71066 40348 47527 8142 42435 80983 83936 73909 50459 23324 60411 81308 24761 1453 44502 96596 15765 816 99144 87920 39094 44499 73626 76404 55897 27154 37134 72200 54317 59440 18307 50602 89223 32448 32804 17673 75806 47157 80898 12729 92869 46433 88455 67844 90621 69094 4827 98691 13426 89586 79789 55000 87809 24159 38903 29350 73370 60295 45410 62424 91595 82722 14886 60239 64858 76901 40854 36539 30098 95764 6383 67161 11914 58641 36886 45078 81694 71713 
100 342
12352 16231 43948 73771 37378 29824 58126 56673 921 27598 5381 83680 80790 68065 87195 20392 52208 58768 94718 29023 5711 35591 94074 46937 67866 24870 56808 51770 75756 62625 43217 52221 34795 73957 69873 10212 72387 86173 6417 66042 1392 12328 42681 48084 11665 79743 71965 18330 69744 27994 77258 24494 13797 82296 75901 71964 47817 67886 68396 48491 89081 67375 47882 2452 25493 37501 82138 22308 62751 30836 84115 37516 4797 74213 55673 52184 77554 20651 29730 61035 34998 37954 70313 24023 77272 84510 46073 44293 41099 57637 27990 84973 11959 85073 97341 53075 33029 78871 28533 56183 25966 58678 56129 85099 10215 3917 38346 31149 14310 18924 93077 12117 1156 29444 7200 48202 8160 62744 63084 87560 201 45856 16237 40386 36163 8795 13532 92785 77118 1725 68883 32187 33645 23415 16873 12979 70106 79018 39413 33698 49635 26011 39931 43199 42176 48587 94515 62183 14771 66077 94203 97250 42113 61831 88379 17278 53706 66271 29881 95544 43407 81737 89881 84253 64463 84697 19655 4832 58603 52536 43475 44750 90828 27163 86612 45749 9936 78984 26160 6356 50236 55021 13937 27807 58201 50373 81660 71789 56387 1546 48067 49638 40683 5181 81935 50343 79423 97052 61351 54614 26211 59225 38248 30090 35555 58449 95059 36548 36260 27539 85088 84471 53307 88071 42231 82464 17774 91718 9482 94288 27362 24790 84299 43754 87740 65672 9326 14415 50175 2660 82131 53295 31645 93861 96475 51797 20375 34414 8670 89180 88226 34503 31537 68742 60918 81197 60392 11538 98956 47979 48171 86398 12457 35527 52711 63144 11481 43363 90474 8395 2404 50319 69218 23030 61708 94353 72386 57003 51165 99211 13181 64512 15218 58798 59772 62218 91677 73632 16024 95785 83539 99316 91171 21480 54718 48774 89951 8301 6443 96454 93251 67946 67644 23352 12111 68779 75106 81438 29194 95877 4896 4281 5052 80302 52231 36795 87037 47158 78503 3906 3952 45041 22145 95958 56332 84119 75076 47769 59073 15732 11970 8562 41042 62428 13305 74758 21757 86908 75688 48461 60264 36424 47731 90033 73168 86656 12685 67038 33181 80659 36123 41145 
602 338
84532 80149 34447 87103 48902 72778 60802 56350 45509 16175 75199 87043 78998 29606 43565 52915 47304 52434 73459 40443 73049 15144 25157 59076 89655 94517 28316 18022 230 94488 945 43304 95532 27222 76057 58488 9680 96588 82780 78361 76878 4612 86078 12431 24933 7233 83115 15944 55170 72231 83074 58785 7877 92390 81079 42675 50271 24691 40108 728 36266 64543 24992 55402 10553 9155 85586 67172 81788 96305 95975 30544 48783 90444 73741 54046 26656 13485 59815 55304 37530 87100 38826 18287 38057 48966 19558 67075 3823 45541 52458 31258 22680 58225 60420 76013 61048 8515 49166 24603 97056 58153 95640 43581 15305 65956 25833 15267 54055 74753 77167 21097 72102 2035 90471 27477 60071 78318 85030 38688 63849 19638 60014 35081 99464 89074 81443 31038 61979 82806 54582 52073 81480 48408 6183 58624 4309 1425 76795 12296 56498 90465 10543 13748 29092 15849 25485 12316 29731 87090 48323 88353 5284 90724 13510 97788 99145 166 25304 24432 75064 1975 91458 85363 13933 84863 28064 53035 33519 92732 65389 3463 17762 76108 96378 21741 42497 74527 68357 2111 81219 68037 902 94331 13454 59580 39492 88585 69904 79665 11157 36524 19216 45658 55804 24925 12043 60116 35761 58169 984 25788 12773 62604 29541 48883 52131 8070 40024 35803 70786 48322 2395 2846 44765 92293 35064 7044 98103 56177 25701 3357 11174 30071 21088 71699 5548 85462 35099 86331 88565 77846 18190 10696 53444 8647 44255 84168 49270 38739 35707 10307 49107 92548 28353 23078 24306 69770 71644 62622 87255 64907 37997 89448 31004 65946 46679 34028 6013 72820 60237 6134 46673 8059 16955 13145 32927 63844 24806 75333 10192 75036 98205 78999 94232 4862 32033 89900 80096 17255 78023 39099 48452 39525 58657 40342 38509 73275 79820 19553 25728 87475 56062 60495 46262 61266 56144 95836 25296 34121 52865 8504 29058 5466 63810 47683 12206 71223 24435 61937 16514 76888 49881 30201 90074 37978 98726 73553 39387 58027 11068 31671 59008 18779 42698 24458 94228 82056 6032 65683 39394 57416 28650 39367 96436 80780 22064 29777 
665 334
6305 80658 93534 60152 59584 62136 45427 37131 1302 44061 65163 89127 78711 91630 89373 67018 33719 12775 40601 91369 19201 36997 92551 39284 82520 98442 71039 63661 23043 71922 59367 41414 94509 70300 59456 62584 80927 83735 86474 18252 80711 88475 40966 48998 64862 43045 38638 89351 28387 48578 40040 35003 85566 20568 73063 13707 11346 29750 5034 34778 46312 3131 37028 27654 29779 51067 77212 29850 64770 86953 15296 93510 85684 54458 25392 99809 3114 87980 90128 35602 6225 22475 98826 74362 76473 3860 69215 36728 48776 40637 74340 81324 52469 56647 91620 90751 75818 64060 94611 19228 78128 71612 49905 11464 57269 42170 83633 83548 46232 74845 19906 91697 53802 73807 78941 22074 86464 33606 52813 98167 79785 24194 26458 64377 94285 32705 846 68864 5279 97202 44027 53071 20602 57511 42967 4084 56306 87564 10150 64374 55995 99312 87914 64213 11834 42115 12229 10098 33079 52021 23956 41012 79179 46593 55701 49645 18095 36336 30863 43979 27083 37597 55758 46173 96532 44618 60440 83464 71330 17690 3538 3494 83765 98268 17267 925 81457 78422 82421 46818 45594 89558 45746 18343 52345 73603 21269 11053 34675 80906 74204 57134 98529 41250 31048 63898 1270 7141 78664 91013 4976 74051 83236 67201 7377 95894 18115 14934 55468 91661 19012 81759 37710 73925 5914 3237 56450 3763 5262 97923 12408 94577 85312 80003 72344 24026 40747 36071 49426 2799 34783 25697 26135 19034 85939 39469 67227 71419 67225 70402 67159 73815 40249 45964 20661 34687 46515 49653 90092 18601 91913 75543 61267 10402 21492 97150 88057 75512 46196 9763 27206 21582 80584 52341 72066 71157 74165 39204 24505 73289 71288 26193 68919 73574 12793 94837 98259 16847 24557 78135 19213 30174 34868 41671 5889 54465 22340 53849 38090 67856 44953 69029 71347 31988 10943 86069 54203 75690 41398 90825 71743 50488 10709 63694 30860 15288 81427 67340 91287 82907 48913 14466 21340 8752 4754 23958 47647 8546 20723 59287 32017 32224 33913 92661 97891 44192 74985 28304 92731 14311 9485 71652 21961 76341 
184 113
19250 45857 71261 2473 5388 1296 48347 82678 76497 80508 78414 95554 65475 4877 71760 90062 80896 90031 31239 58628 99714 75375 47344 81631 43498 45283 35634 45827 66588 8425 60033 97295 62264 45692 17115 40729 77516 706 95709 41214 94591 13472 20719 51385 41606 41813 68468 8758 51879 37017 89777 603 1864 14296 16883 62950 17680 95179 75548 88286 30946 96428 1215 39912 62587 63440 66977 27370 55429 32042 70901 79310 15548 48314 27726 51569 4506 41939 65861 86064 63736 90160 87087 99129 66902 10844 10413 23840 15454 94499 3206 65 38492 93019 45651 3304 57958 97951 81478 34471 7440 59034 97355 74200 27660 38321 73283 21631 75741 84293 45208 71063 15966 
972 326
69768 66840 64613 70329 89963 68632 83984 34187 15902 71840 44713 89709 35689 45341 15515 44542 17829 54140 66318 85735 33117 85271 53287 20443 58786 61134 32362 40297 16973 88327 26914 22279 62510 65712 28334 16604 65009 74092 80044 39155 24716 38247 88954 72765 53342 67696 22683 87180 47169 68678 41 62785 81621 4398 90127 79328 55905 13283 55718 79291 31542 12627 57538 83816 30022 87484 90683 96799 27042 49670 10623 63161 7481 23242 28288 3625 19414 82071 41901 29988 3216 18074 50422 97646 33468 80218 26597 31193 96590 98456 8567 93300 37540 34487 22595 47504 12511 64627 52623 29796 16184 44754 28716 22852 15238 95241 37921 14072 68407 39744 53322 35923 34095 8701 24099 61385 97745 39819 45404 66507 39317 21587 37984 1728 57750 82091 29994 22949 80611 22497 45467 7694 2644 92167 60545 78865 10567 6126 50360 71240 69317 8320 16599 90404 38209 27418 17894 20821 10304 22937 68127 87186 10322 19554 39960 65889 37467 33279 63326 40431 80400 8861 33249 19737 96402 23379 12333 62411 15634 73917 99474 69139 13017 44740 73244 88786 4771 43674 17656 1335 91025 11643 88417 55796 13931 94618 54038 22276 71292 36040 13254 88594 38356 37905 79790 78400 31456 87113 80331 24295 71975 87612 83881 49664 38748 11644 775 75377 19586 53141 50606 83552 61102 30732 50180 60321 75503 16074 84165 54859 93096 4452 97074 11308 73262 78379 14941 7390 75350 88728 68323 97506 67407 36115 16998 61619 39208 27548 16929 59634 88685 28884 27709 33598 38113 29946 32673 47354 97784 93236 84097 80230 42714 7189 78237 32074 79251 51693 63854 38171 7538 84885 54906 80635 35669 58180 3934 82697 86066 95745 5763 63250 62429 98580 28351 48063 35353 65748 23044 18682 54457 97287 48523 54753 50528 53657 38480 19703 53280 48612 40990 63312 59158 76936 9461 6819 40041 69531 77364 71280 49540 51471 30308 84069 98469 14785 12076 6563 73165 60229 10381 80829 43400 32451 65372 87350 38897 92371 18220 48114 27274 21214 21416 29542 47407 27739 
676 214
88790 8793 14586 16028 32726 37267 20439 49108 19299 22631 16075 68321 37928 87810 93749 16477 89370 81742 39682 10210 26714 65950 64634 65884 8249 75079 9540 63919 62427 39174 16020 71325 88732 1980 84896 44478 27176 28299 40778 40349 25857 98569 613 42375 63634 92832 4876 54874 21040 5953 46739 37559 84983 79040 54854 9182 1921 10761 11121 91175 38160 67136 25570 24216 66766 12832 56126 45525 4011 37962 5333 96715 34488 33830 77807 51445 91345 95117 8071 38578 32473 21917 49667 95220 59130 21789 65575 32942 78041 45475 54714 46734 52089 83443 38476 35072 38641 45871 63395 38278 17007 63795 1228 84150 93454 89823 96992 10071 95781 56750 83089 11433 17033 87123 37595 50566 40357 69570 92284 11045 59696 5202 39603 30066 23649 2248 7462 25526 90692 4778 77222 85301 97278 54385 49668 74489 89780 73625 52634 72546 69422 76506 23629 64188 78906 58009 63645 31293 51715 6466 18513 60595 95875 34919 27028 26098 2 12552 56443 41117 31034 63593 67125 64882 36980 55218 38100 94462 54539 16972 91679 24225 44635 69626 66882 40425 54359 82976 93939 56265 75662 70993 29539 67346 93045 73935 41188 87027 28463 53271 49710 7616 13256 39396 24689 44384 94042 47594 10357 28232 39839 41021 80751 76131 9129 7937 623 30264 86437 67773 43172 31631 50246 11449 
708 318
23715 79095 25711 84903 10201 12908 30380 76660 79786 85891 88413 50045 52471 69126 38315 54623 52532 85899 60380 92901 5375 98887 2592 39274 29333 42162 86783 40367 81358 38855 10020 95931 79492 63592 58350 81973 22483 68745 7902 7265 59228 30704 79713 97821 47815 50965 95400 73258 17546 54357 77835 25712 53340 70421 38939 52482 95952 77875 87375 70322 76046 62820 45350 61523 16915 64289 45433 12232 37636 21989 78978 72647 80140 31081 66508 45220 32299 82556 67919 98358 11191 81250 23260 98841 73350 53197 27594 75908 47954 27786 38780 53457 9531 81674 64495 56779 62502 20512 29106 16994 18340 3754 4788 48575 69421 45489 24760 35162 98886 40489 61253 39558 8672 58963 25335 26930 33957 29523 75706 59989 10509 8151 5371 40745 55715 85970 47645 50689 60669 81037 66881 96698 15834 2424 93202 3770 72334 40432 81255 84204 12679 72632 83717 25125 98188 21491 30031 98891 26646 27693 27020 44099 43743 4108 74171 16834 2457 78229 48107 10350 64293 64221 41904 4950 76362 74242 13012 58074 42200 71358 44010 14523 41413 19147 3950 62756 23725 75895 94108 83181 17379 83415 34544 48683 35264 88902 92384 26576 54420 81334 88993 83447 46496 85722 59056 10752 67495 62514 97887 41481 16116 98155 349 49715 39337 32002 30543 48653 15253 96216 44238 10335 3960 31134 26973 21539 22096 99594 80441 81097 39675 17645 46490 57138 24186 47743 19997 34628 27412 1456 23405 37224 3045 14548 59596 32111 37713 16316 31736 90807 98782 30081 5722 71867 50932 36122 93211 29823 46372 94012 59977 57448 45510 90561 87026 79503 36882 41421 92545 79846 24185 20118 56142 65449 71040 33142 8380 33884 51728 88173 87855 85037 46789 45833 40211 34310 47659 41263 29298 67435 42810 18142 434 51351 19690 50853 6024 31714 72270 87632 64711 85752 89827 24042 34826 82256 17887 97543 4640 48100 86453 25777 50927 35540 70738 18741 37999 91277 35658 39882 5418 52328 41911 40051 19963 80419 33667 29834 
959 314
96006 75140 66442 15847 29450 80646 48485 69914 74590 37748 19128 69298 88145 6623 89947 49457 48464 20835 42684 63384 60256 28512 83175 45688 95687 97365 77043 72417 83650 85386 46038 24642 2104 5443 88726 70882 12920 54469 81700 82985 78481 9526 30728 3740 13337 63536 87098 57778 46534 45080 8903 21759 43178 48368 11607 48022 32774 76210 95592 57258 11522 2186 95033 19242 17885 88845 91125 1421 351 91055 23009 31475 2413 66183 43186 12239 42349 36466 72652 14720 3209 86231 12661 69240 77791 50712 17947 66254 18282 70151 36531 30142 69015 43911 50125 13309 60265 59788 76943 93961 19237 71248 37249 4334 17283 23944 57156 84188 20015 40672 24898 89698 59399 64980 51596 94923 2096 99538 67894 77467 26743 73934 32138 61875 37667 52595 58426 74745 80973 17405 99571 78021 17528 35456 83432 90860 50825 1540 43827 47468 40969 81678 28682 9955 84593 68401 5125 89073 20570 18884 97286 96358 99798 16303 35709 54101 22190 57788 40151 86954 65415 8595 90889 24314 64781 61811 37071 80019 81089 62642 178 61306 61135 11283 42600 25967 89399 47916 39271 80946 48420 28672 95863 60492 61753 90253 38553 3442 41814 92401 41035 59307 41604 86918 21162 13580 44110 4964 21840 73453 44695 46390 22071 3872 20126 19522 88958 1525 48447 58094 63878 25676 54943 53829 62475 65664 47483 10148 38392 36609 19006 87712 95777 79067 14511 83865 15314 95066 17347 53927 5848 95336 28270 24197 4332 7221 70258 97407 21187 73865 10006 86559 12877 23942 65318 52572 67140 3239 95017 90183 60177 12683 50312 54746 5214 85222 19062 93527 9981 31812 57833 36236 34180 46092 51536 61476 3818 95978 39160 54361 71401 82811 66056 57051 38901 57107 26513 21772 37170 6673 58373 44482 84892 83274 12338 34777 31242 88710 23397 7750 78568 59654 14063 67680 17513 93271 94262 89975 83752 60606 59306 14844 64152 58288 47116 50168 99580 68117 50872 64506 50316 71609 51459 90069 
428 216
57669 95661 26670 76638 2835 32213 91617 54932 91490 72686 50365 76798 69092 40299 62315 32700 95314 65973 98189 37311 39517 62467 18092 46272 94603 63776 81399 93122 8765 57516 85728 79267 39743 29421 37182 12416 38326 75679 3827 47050 98999 9730 67870 65431 36366 98304 67432 73731 71788 34314 98233 25605 37862 40728 91996 77146 38294 54380 14812 51717 27212 66027 80130 95800 90914 78508 54643 43323 61050 45865 11705 37771 34637 82670 66563 86843 46043 48003 2089 50269 99146 16277 7341 90578 32367 72461 60789 21879 27599 20066 37738 78046 14999 70185 65377 93499 69397 15663 76367 76521 65841 86125 89026 82248 51344 37039 90234 68211 97546 94480 7831 37402 79475 14997 47603 71483 58203 74136 23032 76615 94493 96913 18738 10197 12796 54771 66456 39564 43906 56774 95902 75094 77357 42192 52526 39712 90228 30564 6645 79596 88214 81984 74879 69804 35849 34906 57851 34949 31376 51202 95537 78918 44302 12320 85366 5337 96004 57059 96714 21153 46403 83659 69152 89460 34426 87206 78578 61527 37835 64031 90395 17782 71038 68491 12136 5459 61428 64359 94375 818 56081 63304 33114 17582 56811 12313 44366 44039 8757 69829 61511 24354 77419 83184 17766 22803 59508 73229 18401 37229 72382 67465 74541 62468 22671 29812 41857 44119 63289 45612 69455 75368 30215 57976 54386 21178 
506 306
87990 99202 32300 99245 2206 94459 31797 58077 46657 15334 52873 12420 56889 9705 76442 96492 16927 14896 50262 93336 87634 41187 89290 81271 8035 76550 34204 85346 4831 83263 12959 15586 93069 62712 57407 5842 44322 3254 42148 4721 70886 85556 97649 60057 81639 45371 58357 85716 99606 43494 84649 96441 12400 84092 9154 12280 15427 10283 77155 61338 98287 54436 34144 87619 54147 66352 12497 57754 85440 83677 81069 7081 21610 95668 86237 52291 61398 39614 55986 66245 16203 84495 45213 48157 19791 4188 64155 28301 94173 73016 64918 90458 27686 67056 43832 11502 53125 58683 24381 35852 33571 39640 58528 25150 46270 19199 64652 79440 24008 2505 40611 27252 35165 82145 2629 35476 8044 19156 60422 3578 65409 32953 59069 98851 43147 24934 25829 77957 24251 28302 44574 24417 4992 1394 6249 89197 70485 47313 29236 3822 23733 27303 35607 89463 97486 32897 41209 66371 80568 85226 42647 24648 47938 56323 90353 34055 96828 31146 79962 6255 84854 29663 66996 48873 25243 93414 63541 88245 5323 81692 2667 98981 5208 52826 52879 12981 66943 31455 95795 38992 79157 5064 66360 38862 8393 93914 41040 63403 5568 31403 60933 46203 23103 12960 97981 96158 44067 34388 92648 67795 15485 11547 83588 88446 71417 45969 84374 2805 98056 98619 19346 1502 60550 64237 91579 62988 14927 86708 61047 46688 7915 85757 9753 84209 55765 60403 91804 75408 45349 16940 35198 84836 16281 56876 74872 31393 62227 50065 69600 50282 85601 50518 57733 35820 50603 61804 92688 1620 27378 97290 88628 28835 72745 35685 27382 90536 98575 60196 68603 25397 43484 1678 65755 74600 8658 50416 73306 69299 9840 63706 46331 13738 41610 9191 75218 19540 26120 6662 37521 90611 90840 75831 65743 13210 6054 86309 35093 46613 4198 24030 17120 72368 12211 97428 57432 23908 67771 69983 19505 34041 87406 65309 78662 62435 47978 73183 
158 302
62835 41702 67629 6429 48303 93331 99011 94752 32031 39091 59213 307 34263 92136 73659 10599 54628 99353 13618 55287 48478 59719 5009 82533 78778 16558 56007 28106 70336 23719 94526 30329 50543 43427 59911 85003 32676 19776 56539 40691 97356 81336 69910 55947 73832 33477 81349 35771 21733 7144 5795 32044 25033 29163 18652 3076 46805 78751 38041 79869 6451 11420 25138 70170 23447 95538 62742 79751 29780 22924 55580 15898 29915 40171 50240 13784 16852 9455 43628 60062 14218 99315 76205 74965 21969 47170 39701 20631 22184 11332 85508 38743 70504 36845 67359 36422 76313 86694 72042 38792 42477 32184 5650 59320 99032 29120 72131 67595 30773 30790 86987 45267 77566 35926 3785 72026 24230 54571 13357 55258 63648 14668 58211 64799 544 24124 53783 3592 99309 44060 73025 26039 33494 59472 48033 49065 35957 15950 51677 7591 38279 85636 18018 24562 8498 92691 52635 16064 44508 29883 92209 99154 12516 446 81132 9906 35096 54324 28783 25995 49500 63839 83277 71484 36688 21986 22951 41722 32232 58479 47942 6289 87369 82465 65922 51621 41588 1141 97598 9608 74047 37612 72074 35882 6298 34720 44913 80938 53629 86736 91282 2173 97650 20308 21486 6348 32809 90043 24973 53178 98450 33203 15396 72452 79082 84841 22749 11089 25022 83701 8926 11303 53549 10200 61402 45676 1406 96593 1777 71913 94223 48445 37129 50860 79433 41460 63321 74708 76314 83058 33992 62319 38318 81680 67994 15041 24267 2867 3319 2552 69272 92570 96543 21147 21015 11024 74014 48012 79319 12624 80580 26295 64531 41535 94067 85625 34228 61252 83784 45701 92864 87663 46492 83743 22894 51274 8168 76417 14438 68906 68226 74789 14665 93335 71244 21161 48951 35254 81978 82726 77026 61649 44048 89929 98128 6000 30585 1339 45632 71915 46899 49914 8261 23385 11213 96746 49129 19616 12503 26465 64649 72645 
69 298
49908 34534 58283 80514 32060 97452 51896 19777 46637 74428 4683 5947 37762 26246 48002 6374 34451 59180 35774 95818 41844 55404 20862 61461 83769 62972 12782 81902 43933 52966 55725 65675 2852 74689 77980 93950 53536 4110 81917 15951 77109 40786 86907 67132 72583 39293 46247 27536 55454 52643 90094 87175 75508 75466 91968 69890 99545 96529 73840 46047 24644 18276 49297 99354 94504 55906 61760 11960 5244 57832 2741 60209 57080 18615 69365 80493 77458 17954 85628 52621 21467 80260 68115 74911 70118 29468 14742 55348 24550 56582 32791 70111 63741 41151 65047 66834 18678 49450 2894 51933 11940 38512 82857 51208 15438 57508 55186 54883 95016 28599 99696 11212 63495 96684 75091 44307 7456 59505 18559 30776 90770 64902 50382 85697 84834 36110 29544 11738 85389 17733 25249 96892 29609 41359 10459 59712 17723 7128 15808 66677 86904 45346 53525 51430 83377 74027 38815 99222 67943 4102 3717 43356 19161 88447 21485 55886 35318 29849 97072 60702 18608 76437 49051 74232 77135 77660 49498 43014 89419 19643 47311 5774 85502 27942 38536 91816 79241 5956 4033 26294 28958 92473 56476 80480 66405 61008 57753 30522 72316 75324 5351 79746 27298 6274 74928 48110 99098 17537 6194 29003 75250 98425 72576 33499 57574 26050 85767 62662 4666 30092 25574 95152 17305 95337 34752 34860 37611 12390 72863 40605 68646 52943 63759 85718 8460 77093 5628 64282 50279 4941 63510 53180 78254 83837 80327 3844 61411 79861 76098 76491 91353 97914 11646 76007 62758 98613 58182 89333 90402 1252 68216 92246 88784 17953 98864 15854 60557 85470 67468 32915 77340 80905 98689 97205 64943 90038 41760 67509 14792 7874 61445 99807 41959 77181 81164 59383 39857 46602 62521 10364 2711 66190 61582 95193 65439 4039 40050 72490 42752 18824 28231 83213 79364 52016 68004 91940 51930 59075 
844 294
76158 63778 7739 47238 4038 46302 70972 18977 80105 34186 60446 94077 87262 71968 37240 82298 1000 69875 13932 14598 25813 39644 67249 40157 39081 80312 45732 33858 1780 12887 73427 38066 14843 30710 63740 76690 65662 66735 15090 98854 80719 30171 15680 64874 73696 18337 77245 61857 63971 47692 19781 40501 53820 74855 8474 666 36408 57028 73457 72742 5912 20236 90976 188 51103 25887 77150 30389 5865 80992 27649 96521 2756 72815 80873 43890 39867 25432 59487 58896 20402 43503 66880 3815 92700 17972 88383 74938 36234 38078 31922 74100 30568 67664 77569 3773 81134 61897 87315 6331 31295 9300 39264 55093 51556 99318 54049 83037 13388 82959 26780 58310 5709 60709 20986 86266 90280 33694 45532 79655 50113 69713 81675 48546 15591 32901 34896 17477 53743 70905 99909 51894 73402 71444 21356 31328 67367 28906 24919 45280 28286 29407 74851 16301 43925 63409 54752 5383 78291 67551 444 63371 22042 22519 84078 42646 13734 8995 99971 81654 70859 69056 51252 57761 17604 44786 15646 12392 88562 88597 2658 71197 65530 64877 55240 3458 14229 26508 13673 4507 68077 29078 96869 50988 50854 12614 92758 67374 9166 55133 70618 29507 38449 63454 96539 58302 7039 88725 50329 94087 84071 11859 34973 2997 14305 55984 88229 3758 99768 38490 87982 95317 52175 38190 92848 4566 75304 66850 45905 28991 83439 91185 82975 36669 51748 26592 11508 33648 76201 86541 47985 56801 87328 54997 17064 19664 38960 58990 87696 77561 38718 83958 40830 76755 86412 39713 61278 75296 35921 13586 51983 34505 85619 44198 64872 48055 15096 73367 16741 55489 1676 91733 94665 72595 73338 32233 61424 89629 23686 35717 19536 94485 76625 78085 15731 60122 98434 70767 79400 28699 65445 26391 85507 63659 91216 70758 27748 71654 42434 96752 4492 11444 93453 25162 
202 40
11629 82484 64825 54672 39869 5627 5922 80647 94808 14770 20295 85648 78222 2115 31837 92699 24837 8887 22889 43266 88631 47813 37272 71119 54156 92210 43387 79783 92132 39499 36825 18722 24816 38706 13591 37429 77488 20207 82705 8459 
27 286
50547 5671 79344 78461 81238 78136 42075 10159 29584 68171 51633 37391 49806 95659 76651 30533 10015 51093 1847 3887 24287 70285 77378 8686 64631 76141 74883 43089 87121 46147 71634 4807 75768 71938 55242 57116 26154 6792 16095 73487 77482 7975 41559 34007 23471 87275 55952 49274 72195 55624 78055 33684 29327 97644 25219 78421 44513 64030 76889 73187 68636 4123 67526 48079 30119 81847 86648 87631 78566 97843 51606 98370 75866 87767 56532 49693 27668 50900 87160 15097 99424 85244 58095 14700 5792 20735 29165 11601 20793 76015 90147 73606 82794 33220 86807 88154 97949 6110 63147 33129 75807 89337 75384 81673 97867 39437 42241 61210 10815 71348 93075 33812 10265 80685 7283 77404 64693 22560 14971 28688 17722 39308 96537 41427 8428 76478 44256 30479 31674 12985 43292 98050 28120 19533 82375 14527 5651 29080 72006 87711 50614 79621 91640 82030 46406 26447 3718 29989 3051 44614 14257 23510 38692 86422 96116 81212 28511 84865 59858 93163 91961 28690 30210 30897 15704 3665 30254 30041 6073 69526 34214 82426 28681 22386 33171 46834 29867 72956 84285 83798 3621 49055 18486 67592 32041 72700 17780 62121 72091 39331 77028 41511 65677 2555 81473 6878 32119 22363 88803 43878 93196 23694 88908 71599 40785 33211 3431 97268 4193 59826 15877 9101 67611 24284 87133 34966 69329 7900 85391 17715 29025 90383 48403 32221 32528 3746 54591 52651 92227 84183 76004 21634 61436 37160 55798 7165 86943 57382 1176 91132 82268 14227 776 73080 7033 8991 95061 19563 33139 27555 27190 86786 73052 15893 6427 52726 60028 83271 48020 1509 38710 11626 19887 42309 53914 66648 37508 24996 35236 24926 70039 59037 43703 82545 20157 16224 3898 4417 89552 6899 28624 11756 45610 66081 14991 12982 
72 282
18138 97973 34153 47469 36000 67960 46720 89915 66965 34974 75858 6816 15303 76071 8853 1844 58178 3097 81025 90095 39075 12464 58929 71667 56860 27546 31993 94664 26558 41861 19189 99414 6208 59651 93664 81489 31713 10920 26606 32397 38760 52938 16144 55797 33090 99384 36059 28937 14596 96468 77963 25948 90232 58984 89424 46327 75759 91645 39124 13866 97858 43291 93609 33815 3675 52412 35513 65968 4912 89465 84021 28255 57303 84804 33215 98798 34879 4909 87494 79066 16548 14803 70255 29370 76508 83665 86469 16547 88210 54134 80137 24572 61028 4233 94024 72496 63830 57688 33994 70520 69941 5878 68594 73793 62535 1094 94617 81248 40806 54269 43011 63816 89790 556 5082 76215 56927 27423 24394 22161 78626 74184 73621 34623 29520 34196 96408 21370 75726 1572 15107 45710 38306 65496 64382 60963 78355 81229 11749 44488 62413 48589 97415 85938 78541 16305 90417 85802 29639 88069 7604 66844 78010 41485 65276 54710 74125 30284 45753 32955 6386 65994 59735 34367 18107 95529 49965 4319 84213 48896 18829 84023 2818 11252 36797 91031 84648 1118 46584 33322 4360 88249 94491 63116 66856 23993 52774 86657 50999 37712 62846 75086 24472 29188 96533 53395 68397 98106 31143 65852 13191 15211 88477 44409 44313 27779 40656 73690 51809 83625 15472 13577 26044 10487 31917 34245 150 5505 77689 3837 74087 74825 14132 38198 49103 92974 76291 78973 68158 66584 70167 7925 73808 99250 53708 43310 72462 76383 96606 31060 51676 50456 27653 88321 42975 95287 31356 72318 52574 44049 53779 11204 9694 21307 72910 11348 62708 81184 52805 68925 63994 64208 56702 93757 80420 81500 14125 5892 34026 81858 82031 27398 18723 65952 17667 18957 62040 17692 18352 78435 88103 12386 
80 212
54063 95686 81180 86051 41647 17748 6651 78383 8302 85232 70535 91854 44587 17651 53620 75613 45925 8772 86170 9099 84746 59332 70519 261 55956 76379 13742 58714 85913 2896 53233 22933 99225 84416 92871 23541 38398 45021 34268 38519 32801 60316 1522 76814 97212 27192 62553 62471 18642 19854 68443 14961 94118 55424 14940 21793 48878 9560 52254 66328 95933 4501 19998 99264 14061 13136 46345 49740 40720 93729 95011 4953 39054 97605 3876 45372 59570 2349 63933 31955 72388 12909 45607 88435 48766 59014 24063 29043 99648 27048 71062 12945 32932 77114 64191 74837 52161 65872 30015 48664 42715 65108 91270 56829 28257 66178 40674 85215 5001 68119 53478 78640 44136 27040 35984 30185 23454 45600 70404 67297 7708 12936 75967 66365 50538 85347 74313 39862 70188 5957 43327 12976 44763 47588 35630 73795 29294 60582 83516 7398 59275 59001 65915 79491 89275 22427 89521 52460 55506 7425 31310 80395 27441 26421 84380 19599 23837 12119 59757 80588 95052 77307 17366 97247 18491 42182 33209 7430 75224 52139 11251 15217 39915 59994 89111 60616 18797 88602 82373 62072 70291 92819 44220 5700 42286 94061 22092 37056 77147 12657 28910 86261 18331 24357 94015 32071 59809 57111 70486 21240 61590 28863 98793 75533 62042 6069 36743 85087 77309 24518 87322 48977 
61 274
21225 66733 52134 40666 69282 35583 87513 97645 19935 78057 74272 37456 21100 98819 19603 41112 11415 49993 59780 21684 26112 32799 55943 62246 49915 94598 47110 39488 41942 27904 77297 83071 81885 68554 53996 77454 4980 34703 74987 71571 14316 20407 96638 13169 9378 84550 92031 35396 83465 69165 44504 71086 92483 52575 9547 85018 38188 92300 13616 87380 57721 67068 45231 36619 87493 27859 44940 69457 98991 77522 84390 30794 40368 28853 13060 83144 21171 1745 6314 4272 69363 47988 1234 59666 58883 73092 54020 2802 70128 42613 21232 1828 59453 58711 53051 2336 2415 79842 632 85671 55891 77358 31926 4677 96177 66764 22930 26325 5408 94780 76448 98047 28880 95447 97017 27482 68217 20880 39623 58167 44079 16013 82718 13717 38745 10786 99611 4945 79166 42803 63135 31025 95504 95908 56427 82769 48307 67653 6617 41084 85561 77104 32259 18624 42271 26661 29156 45685 40644 22724 73198 25434 53181 41352 88055 96327 88918 46616 87759 94016 96067 90881 55125 27314 32011 40044 43289 38070 68116 60832 74166 79390 42391 65525 4475 95872 17593 53135 39066 95377 18123 5431 90930 14434 51417 40886 182 48407 69529 23592 97002 99973 46311 32808 38267 23698 95118 9947 87772 13817 5140 38067 32844 4802 89116 46506 52984 94770 19003 57942 60106 38223 48694 29875 67411 53587 30003 81305 48893 92452 29626 52236 66468 54266 10513 8862 59430 59593 19033 61941 4759 35213 48181 93307 99204 17845 11099 6639 8221 75799 62516 56442 92798 75953 22687 27208 90826 24717 87221 69963 1266 96278 13016 35561 96168 59861 38878 14902 2797 5555 57898 49128 87190 56076 40087 45166 55114 75898 63516 78146 15103 92653 16533 97685 
522 270
91667 68937 77376 72384 99879 9725 52814 47149 27295 39821 34333 44286 37687 4044 88494 33092 48090 2842 60741 81611 65862 33044 72741 20710 54508 16531 96550 32768 28260 84998 72722 74777 49480 27115 22946 12566 82498 66146 16886 27264 92850 55236 20373 54823 79749 7502 66743 75601 68482 82878 30872 25274 24333 25608 87004 15652 55755 87587 35547 45625 32681 49112 36901 9107 6236 22193 85591 56136 6353 70638 76949 5528 75667 19212 92197 53367 90088 62358 18521 79692 63713 3533 48097 6754 38881 80435 86822 74679 55260 57708 73282 64584 82966 6960 89318 6721 15875 42882 96145 68031 91965 65770 59854 25632 71010 98379 5243 90432 22491 21207 2951 12758 14933 25910 66570 73095 35116 1466 69042 61712 97200 72753 42498 33715 78648 5092 58752 58424 46627 29842 9586 70916 46653 93041 75618 61369 54316 69164 91824 16250 39109 18060 26076 9440 11875 30366 77438 95635 49865 43143 62681 416 78428 53672 19355 27502 76822 21543 79559 48361 91158 78974 11813 24347 18870 20954 63080 85017 92779 70876 855 36151 77192 64192 73873 56096 41107 72713 22143 84372 11647 93266 11867 29125 18892 92817 91380 21507 59935 99794 74580 20215 84161 54910 62314 42782 87230 34500 93001 4323 87132 15867 6630 22760 89055 40146 5629 22171 52953 46756 6777 45971 10640 61544 29685 63148 7898 22443 71866 52360 1083 2166 24892 10387 60190 30084 91568 30769 10512 82805 56997 36517 18203 14461 30550 84734 15549 36285 20397 69033 70996 10589 66071 57157 19221 18141 39229 76041 95732 91886 65390 22935 96876 65411 1518 78631 8152 44579 82081 16023 26195 20154 69833 24902 83627 93931 40840 86462 52558 22158 
813 266
1344 85750 19072 22998 77747 54381 22682 94113 26539 72678 91255 70621 20650 74195 37889 7381 5644 47443 85620 24213 38751 68498 27293 21820 60433 85998 72865 21050 19719 3797 13224 13758 66908 89238 96095 65767 42824 303 60532 97896 81203 8105 7160 47175 35822 55296 86440 99126 14122 31872 85251 99855 55464 50072 77123 32511 64142 28251 83240 16819 96091 34821 90075 95301 15605 80206 63303 87940 77869 67809 98621 27875 78945 22270 94670 77406 68709 35879 86544 10665 96682 88000 39453 47061 89457 61046 18419 47365 22299 11736 17760 66370 39104 42057 59093 29845 14068 32890 89517 58204 64260 39312 69798 99149 25627 86747 12744 68528 29712 35302 66002 57539 75959 35005 33545 96152 35989 6184 7805 56554 11046 63124 64118 31478 73764 25783 35535 46767 63405 15178 63106 73316 60587 25626 69306 85552 30864 59728 88061 20009 50108 81472 17860 39836 95644 6557 77541 58436 94601 85362 91015 40179 72233 99952 80063 43643 59820 34064 97399 88857 15387 46316 92936 80626 21177 53385 45654 58092 98643 84682 57130 54392 31873 49275 69009 1489 33140 3589 48027 27197 92102 53908 81048 68056 51010 32514 15627 44821 87283 92030 1235 51550 25031 96595 8497 36507 76256 1570 1418 26719 34105 86269 22269 63184 20152 78542 71955 18928 70296 20435 35088 36012 40361 13708 64259 59624 27019 24719 70198 87798 52716 74724 1161 24832 20837 78330 68983 62787 76928 91918 37739 48654 88275 8465 54017 55741 10386 72769 87677 82800 25877 51326 59903 77583 41056 65401 25260 67932 96583 41515 16614 67106 5396 97708 63908 25289 97368 61063 23188 88044 79050 56137 57926 10187 52703 94365 
71 230
44228 35812 91607 42006 85063 52746 64395 59569 69687 96730 61220 76916 77058 44017 31889 46324 35987 19865 26950 6175 24012 14011 73777 92466 79099 44125 60924 27082 43307 41328 3986 53237 32871 74561 81171 92455 93579 7134 78755 75435 61148 36069 90369 26271 73888 55672 40536 66731 46046 85111 82956 45588 33804 9949 94797 32357 16592 86770 17579 80491 97545 81452 22379 67912 68761 38867 24334 26934 67869 74952 9193 57414 36894 33620 3200 73738 37915 93472 41334 71052 18554 56814 25390 48040 57172 76171 41928 71884 48748 20935 73918 36475 51992 3974 78552 91076 31222 46941 53639 83779 68333 11095 11814 37980 17905 60590 50490 37162 24970 51119 87715 30532 86467 85596 44737 24746 6713 17598 42664 12218 18086 68517 53580 18084 86912 66441 56658 61465 54953 30588 83817 7505 9815 93353 86137 62876 28424 28138 12676 77098 58423 95756 38465 37690 20819 11462 79354 34672 1419 70315 94351 35720 27182 74191 43467 35475 95422 91534 22073 92774 72904 32137 32135 18637 97443 49691 76869 43741 30299 28323 61810 35211 60537 36419 90789 78373 356 13349 99175 511 9553 53895 59685 28627 85421 16097 19271 93018 18012 87992 61660 21165 93572 43401 63018 26944 70857 35662 71649 67812 17236 54274 51380 54031 93459 67563 41757 63350 82456 9617 47612 4063 84843 60821 61340 67288 65949 20104 15005 7734 51851 51912 20784 12677 9494 77393 32802 99485 82273 36501 
944 258
8985 12442 65689 13945 34916 93208 51690 73955 62589 71427 78116 35311 27902 18753 850 49842 67819 95015 95637 66274 37906 86713 56524 69403 72991 56101 97513 68934 17183 89130 27059 21565 38142 42817 88219 87385 63758 98032 70110 54306 27449 24395 47736 34425 52486 72682 62973 77398 11874 80731 85352 25675 9993 28661 13323 7943 85161 47686 91263 57952 51714 96200 43646 2623 12969 9019 76572 55068 63784 54302 70161 62087 22628 90479 11748 10759 12325 14887 54788 88031 78079 99321 12299 63914 85036 33611 44175 12812 25606 63956 66561 62611 1944 26158 15208 83885 57554 16308 20678 2263 88484 50913 62697 92793 74982 32090 54577 89908 80080 20161 24054 16728 85284 81236 63624 7414 91901 4709 1445 92805 40594 92896 73188 88949 58113 59773 83827 74645 64717 20148 43469 14339 55699 70815 42921 48687 63270 91948 75145 50714 20918 96346 92803 77033 18655 90077 60183 97673 96563 88299 96895 57176 78939 64086 47643 92024 81365 99823 40677 47861 82693 44930 22411 9018 74902 74816 47232 69632 97306 90799 69114 72271 15443 181 42191 11579 79660 35975 73654 70748 98208 15068 26645 67366 14039 18351 90699 33012 42470 29252 78004 57489 64734 70295 20607 22773 64775 87800 44871 66869 83514 9476 3630 98040 60452 24512 94788 37533 97510 8025 90411 44819 67071 7880 29045 11696 45750 10942 63674 61886 53416 18014 36833 20412 95780 2902 92266 95722 1744 13590 31407 64762 79926 63633 39180 1768 73070 24707 29405 19077 16670 99851 63946 84469 14294 87324 10241 58052 65317 14537 20541 116 58496 52932 33788 76053 15749 94124 
472 107
89489 41419 45015 15997 64548 59500 45190 66954 76535 91672 12536 63058 56854 81386 56184 81123 44309 24379 88146 77499 44792 26428 4455 48956 29602 61231 97378 33441 30140 95571 15152 29404 15048 50205 41619 14741 61574 44094 44360 29284 81345 58561 4884 44710 6043 60046 24698 38930 4092 62344 80956 71359 13273 93899 18119 38640 89242 16161 8328 39955 62079 38309 98146 33836 82034 5504 15917 3201 9890 92480 12468 96055 55182 86628 52165 80158 78042 27521 77871 90372 32771 2709 48019 73001 99659 54673 42855 81835 97276 32894 27006 38442 83502 23604 7251 47576 93234 74235 30310 31907 77113 71379 57683 13621 81187 47418 21064 
607 250
77292 69948 23183 38253 16061 15475 76477 30424 63171 45240 87485 40741 78077 52201 13582 70701 78549 75639 95235 95199 93548 67034 94804 38585 50017 66796 69085 22476 89000 71088 38348 7070 17915 42312 29820 38597 53970 97050 151 67110 68569 44667 71679 44330 2728 41461 36661 76919 39138 66647 1416 89415 8075 30947 24148 53582 4316 63808 44854 41600 41541 57267 70043 64467 34929 2025 13436 78425 46897 48613 5895 76883 14326 30718 20589 51400 96540 44814 50402 38980 98079 82921 44668 23774 38149 2610 50200 47863 34592 25160 58703 92049 49880 40506 80406 28157 5470 64018 88329 88549 66843 25578 63330 86568 70762 70484 46910 98318 71567 21642 43706 73460 15057 84272 31539 98248 17634 73223 6262 20270 75984 17030 28909 91560 47186 42849 72314 18397 60051 77299 56268 58232 27907 92853 14612 38905 9698 27811 65827 58016 27715 51718 5591 29853 58131 87223 79904 208 16279 30646 25639 70414 1036 13543 76094 9189 81269 6240 28444 42682 27236 59942 88527 13420 51589 33417 40882 74635 33681 31419 43579 47053 76885 55997 93253 23522 57132 64567 8074 53938 57994 53652 89949 33693 22333 16464 43182 86324 51238 70619 30970 29230 97730 96456 95089 2128 50172 52470 53862 22792 9116 50254 12654 71365 15307 33496 87770 94594 20952 33686 78875 31433 65229 24206 79286 78110 63894 29331 70113 73254 3649 30010 66001 79797 50914 52800 66643 28669 37742 8117 30567 60840 4355 79721 4553 50302 75878 87578 29314 18132 79719 959 39689 57103 61141 46594 51199 1576 30471 45026 
653 246
31752 5642 48369 57175 30078 80860 37212 14584 99382 24475 15264 20611 22360 53312 3517 86000 14067 18695 21367 67413 59353 23893 80425 99360 83795 31335 34985 5413 41281 5476 15204 3184 45304 58388 65051 71665 28415 28186 13699 22912 17764 7271 84131 29430 21243 75752 23952 53006 67597 1954 54168 74499 81247 25664 9674 87720 33297 32794 7640 65542 9570 8076 48716 57519 24356 66238 7859 37598 64827 29885 9454 36724 84781 84297 66029 46846 67762 99048 30665 43125 20114 36998 73984 16909 9111 46977 47100 49116 14059 48453 78199 38237 4174 80038 7143 40588 87301 16856 53011 33674 63470 81853 27216 90897 59978 90735 64340 50675 69631 68375 43640 9948 68694 35770 86278 10789 55298 80981 68364 572 6025 63607 47231 14041 93592 18744 49491 25633 60640 84960 33919 47235 53306 41467 33314 61018 82551 93883 74460 34717 41880 80760 13818 65346 75177 5847 48735 96732 33017 57061 24795 83450 42625 42894 36978 92687 85804 68914 34722 17531 59591 95142 47126 92362 84643 31992 89871 17152 30640 66214 7151 72987 35823 3231 42035 83942 4545 69162 3722 54279 55038 75656 68208 54851 32212 6031 25947 85850 31750 58237 84909 7411 20937 89732 74978 65604 46191 15914 979 44642 44563 36587 43829 75699 97602 99206 65292 85134 40005 44774 49613 87298 25093 8634 42221 2168 33458 25120 84588 37080 97312 99188 30638 50611 26497 58577 58949 8702 30249 41362 53885 61618 26811 52121 377 57374 4285 56714 36759 42367 8552 36075 61756 6730 59202 14226 
87 242
1312 13731 42858 4326 44106 2908 41960 48861 95376 11989 83108 77590 45835 28374 39806 67878 64812 92000 17 94838 95723 24180 91960 17118 24927 66950 75963 47795 76711 65209 78429 82610 4136 26217 58291 20794 57007 55432 5178 25889 27640 97394 59003 90513 88859 49705 88936 17150 21159 94367 62055 64402 12061 71701 89728 26030 30367 16229 88524 30395 26415 13798 36283 77599 6087 80590 56094 11340 49028 47466 58682 40243 89118 12186 25774 81715 53483 36977 4578 86502 47673 21477 19763 82986 59467 51521 20904 65754 60752 96467 81314 34116 94463 95255 36632 3145 93447 23235 36261 15350 72282 7796 54802 16750 72835 64672 75103 61052 14223 53104 30468 60326 76332 334 29431 37795 33077 11721 92476 55226 97281 10308 73301 47835 48513 49707 71448 36493 46159 3529 78896 95815 26526 22126 8197 25514 82209 14675 26706 41032 81816 61564 89064 91110 61984 98598 31237 39006 87645 10079 35299 39521 58924 86112 63363 64637 72389 71124 14691 3412 16346 9015 74874 85705 85114 90195 74997 91990 89993 99140 13452 12638 44528 53675 41439 80706 13834 90180 64702 50095 12708 10842 23120 95738 80319 42438 51352 47174 86165 153 62412 80015 42662 568 43707 90244 37625 43101 11963 49996 63053 84829 44332 54218 24728 79521 51198 46206 92198 69947 89347 90362 6605 12235 95197 46304 82695 17416 60727 12053 25685 87441 10702 23080 84444 77423 7489 87551 17646 84493 76220 33700 56489 81138 91075 24922 32360 77547 48812 16401 18081 9817 
59 238
82971 42448 72591 41563 45487 36431 30447 30984 4487 61899 87977 42049 12365 53029 55829 48425 42118 35089 25411 23205 60509 83763 48295 2841 33487 69841 67186 95073 44772 44484 37251 60854 7095 85264 71164 56033 22994 90338 98387 79821 70455 72300 40082 75035 15129 83652 43120 93178 19605 77491 67263 89350 63365 414 6395 13875 81826 27964 5974 40438 26908 35147 10724 57153 18261 59423 27977 48615 56291 31420 5509 15246 56537 56730 85809 66153 20707 92364 46054 65803 83032 15329 49925 18065 77812 47712 15651 67959 64540 48542 85377 83218 25803 91510 66980 38141 86150 19016 66163 11694 77115 85791 35030 35952 20343 72419 30306 14178 21139 2290 61025 46979 42977 55855 94738 12554 63451 1367 53681 15668 19608 40351 46535 40353 86345 89789 11485 5348 68089 87310 5209 83510 66604 65005 63048 77755 96839 33787 88916 46640 23008 63077 92222 55425 98211 61337 81805 82967 28370 16889 36165 48006 83491 87439 29902 762 99829 93628 59368 86617 25891 97464 23196 43216 55970 28029 23054 71838 47409 79778 33518 69952 7202 64169 5405 44716 70221 48839 38220 67999 46913 9750 84274 86389 26327 58598 70563 54649 91405 75964 30709 2872 94179 73858 2519 90197 55154 49537 56791 10003 19704 78656 23020 84477 6460 54434 9446 51231 32618 56216 10889 29313 16913 26803 86457 62512 1644 83313 72968 6204 35955 70754 34870 69597 24886 72361 98686 39984 9622 97636 68391 73830 43148 48184 51579 20274 90132 44316 
936 11
16142 30618 89443 43530 73598 35974 61472 31663 91792 30600 6219 
575 230
77584 7199 59376 17971 43311 54178 16296 82417 41717 43913 45993 63663 3147 50396 92208 11151 63869 76581 6849 94049 36500 7465 57380 60434 16033 64472 61160 78000 89759 33084 7553 71478 20330 26451 79387 73524 90065 39421 5716 11023 85558 3453 3956 8976 91238 48630 17484 25109 42704 69992 84527 46301 15563 25576 22755 68834 98932 22252 16106 47475 63532 15170 71258 55873 95620 20658 85054 79759 97418 98739 61151 13622 8654 21598 54321 50132 35351 52295 91524 18478 32253 84913 88365 9734 67456 96967 32510 38200 59255 70440 33106 1231 33187 57871 82384 47589 34320 35845 50996 34680 13573 81077 34844 23600 25661 39835 27237 98093 1885 29102 57481 60234 3812 68681 96771 85154 64787 95564 16516 50201 84175 89635 37259 31495 62866 48235 46607 21005 29649 98861 52933 25864 30815 19610 4584 37455 10154 81107 65291 95366 90482 11453 14295 20420 55790 10537 33535 69776 17535 68726 33651 84688 23552 1837 91460 92510 61426 11203 43505 43879 23140 15878 33359 68335 9323 81777 65458 29379 39315 89139 14381 13676 99756 50199 69483 18266 67035 57410 20664 65054 11996 85126 95322 63340 14757 62078 44777 50537 93435 33264 48301 75100 89948 56254 53653 52396 61644 63232 57817 64161 97480 71601 55994 50567 35723 98543 83337 85649 57965 54081 88666 9486 37464 5115 67303 39936 2119 7926 8099 33963 69558 70310 70473 53771 75468 63879 9023 71918 54422 72292 
970 226
22667 23159 18278 4547 76063 28924 1290 67237 39566 31348 70691 94680 41016 60777 90050 11276 3392 23181 58615 76005 34814 44146 23129 93352 7583 70642 5986 34657 85880 71045 21105 56405 23248 93711 48234 72921 83095 7731 59335 83328 66246 77638 19351 99041 11263 129 90199 11051 86581 35884 84982 62599 18361 16826 50040 32958 64073 19157 31345 59023 20501 85912 24542 37789 49284 59557 63359 34305 17207 37757 52521 25021 93421 7892 84964 52822 77444 3311 1139 45798 54308 81289 63720 68435 8584 3473 28687 21577 64986 64987 15210 45421 21056 54573 89659 74274 47259 4170 6644 72306 25481 11805 9430 99638 31283 67688 92391 76195 79682 92140 93980 22296 24259 13194 54638 12966 87869 87708 83857 4438 91879 57110 37903 69774 13230 29667 50616 85766 44208 75797 76553 21203 12116 76742 68966 13287 88697 14505 23074 50078 22169 8354 1190 80556 82156 10358 36195 7669 91056 33581 70575 82052 94467 13042 89072 23358 1712 47912 42822 23903 60199 76016 55013 5156 23811 15436 34542 34481 31481 35635 80761 37095 82471 18158 68317 36200 11899 32614 6714 24739 95787 79349 25818 50666 14468 90528 99298 98113 11933 34789 89741 34020 24928 33430 60504 16759 19552 41194 1521 77606 77363 12791 7609 97877 89890 67740 22264 85777 96330 40598 81905 7335 29976 61844 78250 65408 63401 37552 40396 66873 78324 46138 56954 77788 43668 72607 
393 222
39965 35377 32295 25007 54677 17553 65960 99043 28838 39612 5212 7886 68399 96223 34284 51576 70332 12458 90495 73488 50136 66822 42189 32723 54785 64501 65188 13608 42132 90911 13988 51513 72283 1183 41791 92875 32278 37345 22262 26823 14892 95927 75226 14364 6052 17991 52821 94659 83378 59113 61355 93512 85118 90259 12429 66699 1079 17549 12550 95310 78534 33420 35455 31102 97135 96094 53014 96283 24091 37735 59695 37236 34723 95575 41213 32640 19634 19978 99163 15666 17559 61064 29577 79932 47256 49447 64236 84614 71687 77642 25372 95832 30351 2875 47709 11085 7393 7834 66460 891 8112 90342 66747 15164 93962 33658 29254 83102 47864 58335 60489 56943 39018 53112 56792 61487 96273 28707 53634 42535 92324 13856 57883 63820 63310 26276 74278 22831 48955 20474 24260 57510 79304 47715 44201 9568 15996 84194 35154 2699 96482 25421 24541 3161 8174 31483 91584 50127 47613 6187 80714 7752 82068 23802 92838 67879 11559 47369 76249 61807 2281 77274 12485 45167 73214 66558 24252 4613 4565 89367 46109 29277 10941 88471 17984 16476 42277 69784 77896 87901 83010 16975 43695 48921 19288 96073 90346 7102 98869 22199 84853 28046 81551 82291 92532 45630 6442 19445 53780 17775 55340 7051 49930 68720 28347 34301 69993 55127 95003 37449 6296 66783 56175 81193 30587 65628 21423 88011 2547 79019 8697 14498 
332 90
97781 53012 211 29301 21778 52982 84988 15869 52830 77534 4661 99086 37060 57322 71492 54355 71191 8874 52625 19625 68766 96040 6371 52611 18461 7891 83363 8838 78922 93117 17193 52499 40155 85279 77116 98779 60593 35021 27381 39805 71646 41658 54767 37187 99260 70013 24360 40205 81447 17375 23170 16423 48401 96887 68007 15925 35473 80024 68799 96777 94685 69561 40702 52583 66448 21089 43795 26489 48973 5233 49041 44291 15741 90258 80396 80930 12165 51117 5526 76924 55456 70580 62760 88468 56522 83800 13503 28574 62457 94639 
390 214
38322 54223 12448 92126 70081 27842 92834 55117 55837 90755 41465 75438 47204 77220 32605 59883 10316 52593 1052 5919 42186 32262 26273 90098 32904 34243 44258 38467 64267 81752 86832 69959 36952 46928 68625 46973 585 93363 57276 3651 610 2200 85353 54975 5572 61768 90766 40275 8210 12051 40764 62964 17401 32403 39029 81940 45215 10128 41501 45534 21823 1437 55178 19534 48360 78321 62957 33283 9931 26236 39888 32621 83593 99852 25827 21419 82932 72163 30667 67534 68558 85575 74934 51687 39765 62517 63272 52971 89363 46650 42040 12175 18319 41718 73943 41714 83698 146 65618 50663 94352 61170 60750 62539 12422 32153 60829 31677 35381 69793 5161 19283 85068 49952 57999 54713 25019 43044 91436 24517 80882 69640 28115 91168 72636 88100 60688 49793 49403 64585 42292 29970 85425 36511 64796 86851 81143 87994 22174 9246 3044 73959 65262 73921 92405 90468 96926 35075 3789 7263 38005 1786 63537 51859 68095 93449 74710 58739 62177 1866 72550 96357 7587 3055 51495 43345 42744 4782 36671 15315 21245 12736 14988 2152 29735 96137 62648 4944 20076 62579 36301 2150 1297 12619 4222 55073 4051 16608 36537 66145 5691 51042 32744 60254 62661 93611 15606 80703 23048 71865 94233 11922 70383 43870 45156 10125 4939 9437 38623 81030 33011 21179 5088 66903 
244 210
60015 93831 50471 91137 20090 65715 9287 51756 37811 37819 60343 13980 77437 57221 50656 50465 76634 92767 12361 94648 83347 43022 65660 38081 19198 89854 35281 32790 27608 91619 92404 28729 7784 18422 92594 21951 37938 44121 65116 25475 38418 91203 11691 68195 45913 88106 21463 79800 41741 4364 9726 41652 47049 39137 14398 64228 87752 1224 63494 4280 49797 69380 54365 14547 68442 94711 56209 99861 81163 10650 3674 6086 58509 51632 54791 58621 31609 99778 70462 33025 23147 66777 5745 37157 20995 75941 49024 81862 44026 31282 14288 52241 29846 39951 40843 52114 94866 26951 9589 56534 89331 49368 40783 17832 3586 62007 40077 52198 44725 49374 32340 34947 86539 794 63969 96731 49141 68957 57655 63287 27880 70872 95232 52663 68624 94302 13924 5035 27319 60125 96575 92082 85940 60160 6741 12747 68161 68072 51643 75109 25343 70720 78013 41968 87432 85816 96064 81561 43242 78614 1900 45055 96124 80845 91059 80744 62767 51777 99800 40924 95253 55234 66192 71460 61533 82897 16482 81697 62864 32607 21357 76558 69958 50967 80048 97445 32437 447 98490 11473 86297 84920 7457 7876 52492 94421 39135 80861 53464 16407 64890 34385 23881 48043 88816 66792 14093 17567 97946 46829 57437 62170 28576 48796 4910 79199 90413 562 74718 9050 
112 206
96970 11991 45785 56512 2340 24022 14581 54009 86293 50187 74684 86291 1520 42920 10330 98872 7352 67326 16749 19753 6160 60288 6944 1054 94969 84389 92253 27579 23674 30891 51695 37875 73173 96747 1357 10221 22708 51858 67285 5314 39901 7149 74212 67833 48930 37084 97397 64432 89772 25035 79413 99492 82044 12701 15725 56372 81769 95901 74650 41015 51272 20098 69835 30757 51121 8653 99711 63254 21973 27518 47842 10403 80768 74649 56566 75500 18641 21611 1212 57060 27575 47274 85245 71387 59191 49105 66414 14772 28364 93983 99092 87407 43910 83237 13491 16384 92942 2675 992 14555 59960 93174 125 35530 20856 7990 86432 17956 76281 97508 14545 35589 69615 3213 69946 49923 35556 1204 85536 47367 66502 20315 64856 88248 89623 45268 10861 61604 99405 82673 64222 38408 75348 57849 8484 68762 43820 39405 4808 85459 42557 90179 87111 16429 96053 71540 60806 54996 7512 45193 77519 97092 6070 85488 96084 36299 78813 48397 50419 97587 12499 32988 922 93685 47522 78433 37575 73410 5183 61392 99646 92051 3795 4206 93885 16438 51841 30421 12880 45542 91582 84687 36521 55368 77266 17747 72888 68544 66597 39937 16777 53061 19739 94877 24588 85108 14516 72520 14820 9263 48747 42310 83583 33394 83926 78620 
245 202
49488 50624 53434 53165 3713 84192 43440 47220 41536 36144 39375 11944 79656 93501 45266 36933 83177 34209 13868 71018 16350 75129 71212 29224 25189 43917 75476 1607 80794 85229 12538 84944 28105 82130 66888 43183 48385 52368 203 52598 95490 10932 43516 15322 36783 35792 26299 65646 38447 96316 67163 45247 90785 77647 47577 57673 52710 52449 71620 27196 51012 58018 99752 6407 79733 75739 31562 19733 5816 36360 67746 47002 71731 88035 49406 56637 97079 37517 46447 9382 89673 32798 4521 66269 91206 48167 26716 92318 46474 63590 35902 60620 73177 74539 6405 76325 46873 41827 94595 74913 68103 12980 64748 5024 22225 18380 72150 71891 35343 54811 30369 9253 73337 79385 47428 12813 42082 71758 83519 70175 98556 82157 14258 5324 46084 53381 49351 59421 22945 42321 86054 39028 31150 47693 89588 70042 65795 83366 61009 29075 68842 19948 55857 23164 22691 78724 16085 8444 37872 71536 79572 22447 3610 99796 2664 3931 96797 89965 18426 15009 91479 4544 11706 74277 82196 39579 92387 45047 32533 22728 87497 33366 96252 99920 69178 16747 5943 17653 82606 30802 45548 24706 33529 54149 95595 96147 71662 3667 50478 52141 45765 90015 2502 26717 83197 90582 62679 31451 27700 72923 98702 77763 
848 198
26516 42570 32195 91334 77233 62077 35674 75413 28412 39232 45673 6984 69269 29865 89942 29291 93981 79865 74834 86871 37016 13526 43955 21578 13270 32436 3824 86094 57991 27825 16677 67735 10988 24529 22914 46415 70759 44845 93158 71523 88132 70094 74302 31272 6026 46002 23687 6280 24142 68213 68009 76279 63667 38649 11908 68191 95146 9231 46737 16657 59363 45624 32004 3958 45850 28824 74121 27286 55184 66781 38947 58969 78297 99771 66905 51043 87573 82713 85004 77151 94056 94383 20091 79485 48178 96476 8537 64341 96727 43799 9959 39466 20769 15476 48173 68768 20961 63575 29689 73209 30856 70143 60328 15824 80410 97852 79538 66626 86575 7594 91959 63912 58073 95036 45682 98137 75422 51641 35847 57643 48417 31052 60564 69187 65714 8641 9877 34107 27781 85737 27288 30694 88834 60297 48692 50339 48332 41406 73236 45192 96616 33809 65104 43717 20460 75363 3238 80892 35973 77446 74617 94645 94098 75796 92491 91743 74950 95868 98453 84877 93088 12197 59261 66114 18211 65546 47130 41869 12004 46227 28769 57623 31680 61483 85968 97488 52529 80765 21692 30493 90001 66917 49772 18353 2501 51314 6570 50225 62377 70689 2320 16876 82815 55999 33871 15029 87683 18670 
157 194
82382 42371 34688 57161 58612 51950 40684 73406 79306 8008 31008 66315 67142 3465 35676 94996 81009 96099 74905 6619 30110 45455 78248 44320 14590 58403 9658 45162 68076 88617 73376 80718 66923 27552 57092 7557 23331 20133 41679 66083 22977 3851 91442 27056 33200 83772 69961 82206 28656 19093 1162 63687 44691 44165 39922 782 25759 56005 67485 79288 62260 98495 6030 18179 67749 94211 32477 5169 34158 58247 26354 49013 88261 36771 9802 89997 16260 34651 67434 3439 72273 32341 62228 63991 28489 74537 5206 40519 50277 30266 85977 48422 87442 62612 93193 86252 36588 94484 8341 66630 12951 51191 48606 1076 97156 30716 62576 56272 42333 58799 82135 91893 36855 67042 36670 79929 40620 73712 74576 62302 18805 69591 62650 77591 59824 56953 39021 56999 25996 7753 87344 47305 45900 25356 12356 46170 29711 2378 44271 68628 73958 20070 85453 72846 94155 82137 84586 49193 57043 92658 67718 20912 20255 99604 40268 80722 44111 93543 71962 32009 69894 92694 91176 38790 31564 36950 99494 2773 13242 96925 8882 54635 29763 53156 47687 5876 51743 35971 22823 85051 85825 2112 96940 65753 3728 82416 98100 1822 50582 77084 39061 63930 60130 90957 
0 190
12421 31074 31470 37940 64691 64075 58955 9857 24867 79038 31819 39198 77895 49247 65959 50394 91865 4113 79315 81433 27933 46583 27998 41071 22599 73775 49538 85964 35107 96613 85867 90797 71844 80636 89603 4328 8674 86413 61524 11006 84948 9069 17643 6970 4374 37367 56271 32267 17880 7563 18088 83315 26092 83655 73153 80650 96360 38182 50523 18877 23922 67732 73947 593 41469 45717 62548 77738 75985 92397 22260 86636 43074 10108 75179 34352 33315 71126 5325 2926 82801 9441 55913 80092 42729 2407 43297 47044 25355 27863 4213 54664 48125 1970 36651 92730 44902 85368 9591 97566 63100 50618 70371 52465 74214 29259 19265 63214 29026 67463 386 3066 40061 38880 92380 44167 27656 56984 43658 7072 8351 32237 80191 43162 50592 76166 44402 83834 8602 62989 80354 18709 12261 28683 38183 40929 4476 56286 24972 2885 82252 14100 72752 34373 22580 51722 4290 39496 63263 52906 86342 89497 55326 12749 13975 50625 7180 76197 36490 39635 81797 22510 31633 71630 38677 26528 986 92963 42234 5610 12286 23462 85336 7292 50047 69055 32366 44616 6580 42332 73467 93442 30262 89917 9027 42126 23954 67516 38069 693 
447 186
16932 41908 77804 30137 18449 90120 43909 51967 2445 60461 30229 39717 67187 69521 53577 11401 43583 46010 64782 9118 3989 22028 51848 25736 9574 67513 31627 84555 84776 11785 84087 24128 63872 67678 59575 5085 23209 85788 44479 53160 5036 53105 78972 53699 11468 87968 23594 95345 67852 91678 35777 18285 96025 29411 31326 95323 96294 20273 97012 75823 7499 58717 46360 42300 76811 92220 78178 29272 47503 51966 49864 34900 74907 59535 87517 88496 94195 5557 50080 81604 90871 39186 78782 51246 16145 21263 948 37419 60965 81335 46784 87379 88622 66298 53574 69354 88938 35700 16311 32308 94271 10285 45935 8053 47776 74407 10931 40874 75578 84950 7961 10297 21999 4428 79217 4886 1311 52446 15234 87782 13435 14694 9124 42394 61780 29792 35918 2318 53485 95825 42235 60761 52602 26979 50074 68541 38243 99003 4744 86257 43267 60077 14760 17398 79109 73970 18580 50141 15643 48163 15433 80943 52296 84120 23485 9033 81475 98311 13261 60341 30888 34622 46774 63432 62200 10344 74552 93 38514 45530 36864 923 34304 32420 15503 33331 62871 5707 65519 48080 56528 80785 78904 13131 70730 38620 
569 166
7483 3616 9094 22338 40106 43761 78437 44991 2548 15724 60791 10966 31805 16689 69423 63262 1672 72330 75480 66073 18108 40889 4774 39089 70450 29453 58887 59331 27039 83969 50000 80358 92415 89391 23342 92021 70342 31525 52527 66280 10446 14873 32532 3381 20977 18973 46018 49600 10830 27988 9234 38809 99593 93632 67471 20099 7507 4636 47028 97633 32990 67179 4652 39697 86179 50985 25078 26994 22330 89501 8448 99108 80250 72663 50580 61188 30916 62196 53046 65261 31087 58522 11013 25879 4973 35859 5535 25187 34282 89416 88699 39483 5489 17710 6959 92574 71141 64860 11004 76678 9504 41726 5830 43112 41713 229 68658 94123 61904 16923 59804 83075 48216 45502 59945 26261 84093 66091 70244 22494 15677 87278 16211 92010 20575 67949 72104 77855 57757 8237 39292 95517 31941 30414 52549 46385 58028 98881 70001 15829 48750 6851 7036 80788 81955 94570 54872 14259 39669 31712 82819 99527 81065 80323 14734 98824 91410 23758 4841 2996 41926 78220 46424 87330 47553 53084 
140 178
50800 21401 92684 14968 83080 93790 49429 80637 35309 86220 70117 69625 25375 31532 24025 36656 23142 36804 80997 1358 43777 72444 64297 70446 77496 71580 22003 52247 14959 87856 72586 36334 70719 26392 44686 15173 85518 3918 64682 19613 57967 84970 26844 66815 62382 81211 85865 98615 26405 9415 60366 32941 48599 70137 91527 21777 53788 54145 93511 55418 51990 84101 772 99493 68305 27554 58840 82894 17676 12892 90164 18110 40111 95938 98316 98795 31698 50451 95265 22157 76470 80596 8906 12991 21028 28076 69050 57436 79108 13430 10130 72925 59717 31868 47946 12491 26537 36434 33145 6692 16100 69035 27803 45895 67983 47758 91034 33091 16389 11407 82312 36485 68308 20941 67642 39642 80282 83868 26170 97176 40430 41519 84142 7344 89050 38704 50804 97024 77766 10804 12514 62189 70362 87245 22850 9208 10078 44252 35009 38634 68408 45147 19573 2140 47120 30882 29385 84018 63104 44731 40940 20277 32753 51091 20079 48144 89114 83279 42541 49859 99698 14739 98835 19399 77859 79182 43736 52812 77803 52516 2008 635 41486 58024 94608 15660 73343 17613 
779 174
56023 35502 19293 87368 20985 98445 49521 34218 19667 14749 60140 29263 42068 79168 20860 55860 31270 88281 58600 78784 31320 91472 26091 56858 93298 71117 27817 4096 16111 22355 85539 66769 78159 96455 83944 93217 53752 42119 87700 94802 57299 24632 63909 94886 74930 9179 26066 52856 19044 61057 9340 39201 20957 90747 48964 40791 52799 25229 96277 63434 13626 98961 9098 60927 90783 47611 57081 74906 43279 61243 62198 64439 93008 4870 49856 4183 8079 29303 89859 61509 18879 90003 56242 16630 39420 90634 19334 59304 96674 43468 81872 55291 93540 17048 39945 60792 16324 94741 17544 15062 1436 22332 26745 14824 40894 45359 20012 18257 60530 26999 42279 58244 94678 39171 69473 44420 99160 92553 13414 59767 74073 25839 88968 99685 89644 11244 19687 78186 54293 54122 79184 95628 42211 574 68100 41566 74368 59927 17595 54749 44749 5823 4062 30861 1163 41690 93348 94937 45164 32022 25403 26339 30900 41098 39401 15391 51336 49353 32276 46183 57558 86622 23977 22877 41648 69108 47982 58330 13968 23143 85965 91902 59633 13600 
536 170
2544 51679 25722 67602 12962 36847 15946 60201 78797 48390 54115 69444 744 86158 54631 14420 82938 32113 5828 64242 13092 37052 75815 1440 82776 45263 43634 78559 22075 41007 85500 82502 18536 54340 9710 6169 77853 58515 91578 54155 1764 45581 1516 54141 7800 12772 88433 22925 74490 7535 19075 73778 31223 23693 33733 74630 78617 88476 70346 39562 1064 76839 59971 34253 28395 37110 23437 6634 8439 94478 1749 20706 87187 41417 22932 16007 7088 68814 16362 71447 66031 67692 23742 56125 26922 67770 12656 7760 35295 33977 82831 8580 95018 75702 77285 17354 69221 78447 63549 41766 95808 67194 86033 91593 47759 92247 4470 72209 71272 85666 71725 40703 26845 18505 53068 42564 64969 75849 16550 61489 50571 22826 88200 67511 49967 76198 68377 15690 11225 1356 85127 5500 30803 96226 76710 28544 55700 99975 1693 35736 98123 63165 40954 59947 81558 4078 77977 37565 37846 25533 1760 77417 46347 50002 97631 32596 19840 70736 64587 53028 67655 3525 11615 6659 2412 7728 31327 27642 80466 3332 
650 164
40831 1420 75851 87520 43513 81173 28630 66341 44300 58467 51261 79186 66227 83402 15280 25785 21250 24367 37483 84350 49235 99196 13659 89493 89845 12388 13677 50887 65958 45322 46565 11110 95608 69765 26603 85417 62919 20888 23624 87963 25414 73717 32445 38 50153 68499 14553 59599 90816 79879 25669 49030 14089 57959 84665 29546 23606 27041 57227 94883 90836 27440 70770 47811 92613 45171 24753 89575 40189 32372 51731 62946 23077 43207 8980 23833 46874 45196 37871 13111 63749 87927 95551 44231 18603 68178 67529 29288 27050 56765 39597 79916 67361 31932 84099 58555 68476 13594 80913 7415 42342 65204 30398 85962 1098 95942 37788 21236 52802 78285 57543 62905 16221 98928 68431 2776 80936 83756 56660 87783 55615 31795 11395 40375 59082 78934 29803 55460 71054 32079 74409 79012 11843 68811 28554 92437 18207 47837 34443 71454 97274 65473 89341 45237 79944 86187 687 30188 2691 82155 67805 69294 46812 36372 50021 40416 17269 4749 81330 63682 66225 75111 16622 75284 
717 162
64958 58672 90711 75744 19524 64453 93345 43957 98351 10435 86599 75354 13877 41628 27621 56857 77469 19991 81891 80415 75294 96612 87644 35046 62172 30087 99158 81854 23271 38191 30107 48675 11640 98926 15465 20468 77673 77774 20737 36640 66252 78123 13162 1043 87884 42318 74922 93556 35423 46144 82852 81400 88827 76765 18034 49719 40340 62272 35489 98920 39119 88980 46725 50107 43482 7400 16522 62410 98651 87967 46687 93672 48891 88950 93081 7066 96690 58287 44403 97912 8909 7142 76351 91639 92897 57585 67059 57985 47886 88212 21233 33255 57730 73699 38605 75973 20721 32770 1598 92680 14356 41146 14384 39116 36076 33758 56399 79394 40428 89582 40354 83045 2139 25362 20001 50971 45818 70897 54818 72218 57834 80043 1649 78344 82983 39770 15497 82663 53361 24955 72447 49245 23647 42907 91443 66314 81924 52320 11862 52559 69357 51863 13512 51997 47269 55080 90288 47360 38308 5291 78775 41354 70588 49248 13578 73395 31441 31339 39100 89529 38580 18981 
443 158
92460 89984 21355 83747 85878 31653 1346 90983 16878 41232 16545 90776 47525 62673 59235 84703 69915 94909 56759 38140 46384 97768 90467 38701 36705 78953 67685 32543 28324 8284 27257 40335 39376 32155 16632 98130 75001 51158 59697 10249 27616 70419 23699 29158 30138 17532 24359 27501 82074 7175 71318 74575 41335 86968 33880 39803 94093 43566 69264 47548 81024 69738 86029 90109 90452 47405 91028 11732 23156 15165 55140 13188 66813 86380 43233 4055 47144 85698 49302 53235 74385 79006 85830 96086 11227 64708 47046 10554 29199 57726 90357 44793 60049 83150 75268 24103 97626 23204 28983 60951 33416 70423 79264 69430 50556 82087 68637 78038 28735 94966 12903 35993 51392 31006 42533 16892 16655 97786 98011 77671 23208 71715 33647 2585 49656 23778 19657 315 35121 64921 40363 86114 17204 37189 53673 11753 46715 97676 16917 88866 31654 80486 31316 40988 61698 47713 50342 80555 85495 44734 28178 866 9527 74163 93341 13623 27015 64048 
37 154
12349 94111 84371 8469 84980 35638 4276 53569 3814 95369 47870 34619 41309 35907 18229 99549 56481 3276 36848 32051 74892 91438 3821 12695 43477 22809 6936 98460 84622 57229 12854 92515 46126 59374 20533 29727 174 27380 83667 19979 54171 644 9314 1588 70808 38669 88882 61758 33409 92640 30399 56758 29435 8398 50572 98631 62592 95866 29979 2816 65137 34353 38753 17928 60456 75119 21590 33413 13909 5025 9998 25015 75546 35853 88251 69447 21365 51540 70598 77724 37662 861 51078 26562 64562 34519 10106 34660 55562 79123 67226 41405 84394 70772 49616 82987 10340 72515 38288 41554 79694 63029 82755 87649 48644 44685 16755 17501 23034 17818 3335 9869 48018 32634 89816 73996 60778 48016 29931 97623 64687 59910 35397 7822 91213 55851 6490 47055 39142 84458 22929 63928 8282 52326 52069 43160 15910 69773 89481 1614 81967 5040 52989 57413 29597 59050 79698 59940 14298 78991 52171 64914 74765 23716 
304 150
97339 5386 47336 71413 94919 58617 1937 64136 5821 96056 99582 9068 46971 6345 47809 12508 15380 56504 77492 79271 45063 15657 24100 96325 15479 50885 43629 80237 60368 49989 18922 51171 33533 36205 9529 43846 1924 61316 76708 17172 53599 25717 977 85261 87052 46624 44522 33786 53450 66339 595 56497 18212 8955 48498 19881 26490 28012 46920 48858 29617 35195 45778 91715 67632 53183 1912 41026 19194 60678 52407 98762 92042 71515 47245 37390 91641 41877 46727 87583 55081 50628 23862 13327 10480 62490 6990 94744 55539 89842 2648 99660 18472 49991 15564 97517 42177 36495 27476 5494 11500 54437 7588 68108 22124 59886 59143 56266 32551 31536 2932 92383 34052 76797 39569 73871 8273 53477 85532 25283 53270 88727 54151 72370 6737 88831 42382 59401 80876 23587 37386 79417 55455 15587 70379 9935 23970 35450 48778 91690 40388 57716 16112 9181 23323 63224 42602 439 57586 54040 
969 146
40301 16048 28992 18897 64597 64058 13796 1513 58220 70938 9194 70657 50399 21201 52306 90678 11915 96614 30859 18934 90977 59141 5720 70674 15508 7867 35609 28968 41995 8612 2688 22384 72526 3976 71608 98053 20433 79375 78001 54803 83528 42709 88974 84162 92340 10014 60634 80201 22842 82847 70229 7679 55786 93369 97552 49577 46596 49246 38770 29829 91605 33435 68529 40202 97127 58295 61662 15134 42105 60069 12132 89730 78543 80318 74375 96388 6905 17336 8718 71289 91008 66979 7213 33176 74687 11594 50568 69836 97063 68381 34770 95008 53932 74006 93687 6379 25838 91066 95116 8192 85511 82276 60132 37090 93136 9136 44897 87034 17125 1514 75582 56573 78750 72728 61882 92808 95535 65210 53100 93233 59490 10611 93048 74130 27882 83955 35526 23845 86916 18906 4293 8193 38668 31991 37560 57964 31244 12600 14355 92898 98291 75681 61694 22699 51943 69619 
894 142
54688 57905 56075 62686 94984 45804 55331 51441 39255 46921 49780 66459 95681 78563 38961 26759 31924 17992 83902 42990 95617 21158 39144 38187 42079 83345 34424 30358 96740 7642 74560 72995 1610 10102 22037 24565 24849 71815 72016 61913 46504 8961 44519 51228 54118 19642 24764 29893 74587 46339 58292 63108 79841 226 95593 36679 95990 50802 28984 58861 58708 23449 31737 10595 83823 66592 58127 54411 47530 30384 49844 67549 23455 81735 32691 38423 98626 25490 74917 26444 96790 22372 42244 50664 40636 69494 63251 97173 22178 6664 22638 5964 96522 63564 3885 29568 91769 66349 34978 89215 43169 78658 78251 69560 12933 84091 2083 52116 8645 85487 89353 58830 56746 54520 62483 11005 73695 38249 64416 58392 28218 41914 33928 68496 91686 99203 3843 40768 29262 1674 72179 74133 18518 89620 89797 52085 29226 11008 83965 59468 62537 58151 
902 138
8421 79215 75420 53325 13072 89293 47990 32016 58401 48278 76129 83580 44032 52080 68252 22011 39825 57841 15930 53232 8327 2153 1405 95331 48856 67638 92357 74394 75275 8090 88869 5861 6404 37801 8706 54098 55934 49044 5073 28396 32375 61322 35059 14920 97476 72642 56001 41432 13064 39222 31229 89219 92995 68599 79144 39439 51665 56294 77219 22153 2191 96609 13019 77193 68824 33383 39052 45244 96951 82396 69525 80056 14392 38338 10012 51037 28741 36805 53462 3532 72090 5775 73185 96823 75763 80672 99027 30433 63163 66618 86281 16135 14980 84147 7691 41956 79342 76956 6888 59529 53952 16368 7837 38266 55603 49124 47064 42252 64410 12711 39097 66775 79201 20226 93502 1422 34837 37685 6454 63406 54754 466 1123 95357 74973 36238 83533 80656 28586 36399 69381 95380 80452 85641 19110 28492 53879 20448 
772 134
67017 92329 5554 4407 4284 7296 53448 38843 69482 92090 61182 19666 27760 75345 32412 16723 4607 76245 26627 44417 95076 57847 15351 25586 6028 11055 27912 5131 97129 78252 81619 33070 28593 72073 75013 6828 66829 83126 76255 22395 21011 66301 35807 97894 25561 44700 3020 74066 41787 40045 64594 78133 77970 78513 42755 21792 65453 24731 56252 74010 95701 70222 17031 80766 330 19507 59676 96393 37216 74310 89199 45036 62484 55157 93639 35594 40132 14984 89837 8549 21346 66346 22001 83429 42566 15302 16838 57315 11535 76283 72168 67623 46434 60442 57282 89750 18943 86945 41267 37109 50893 56875 48602 61613 77034 92561 44410 85158 13712 68460 4867 13034 74321 43058 20866 6006 34065 52843 72917 85817 6474 22301 40258 87304 70918 68240 23322 8356 49934 4178 65467 10426 46013 60360 
323 113
43633 47917 76657 19232 2608 89716 90403 73719 41407 73551 90606 49188 96314 19825 14348 57676 52467 83364 51793 10977 67626 90888 86090 5778 63140 23384 9352 40373 80335 33760 784 89470 59526 92056 92147 81506 46625 75477 65447 1846 67239 67430 8522 90214 19562 3833 25235 6978 72519 59922 60787 77756 82910 7950 15224 64007 52506 53649 68722 32549 95759 24758 73516 206 98578 4191 10908 47862 7131 10742 47949 20554 97485 87924 97603 52027 96146 8883 99786 79876 16884 61989 49022 53175 86560 83188 92559 30305 46407 31619 13880 46040 26123 30427 7074 99765 12292 74058 83438 85221 42483 69761 25116 27299 49647 9361 58874 66247 37500 41379 13423 33393 87719 
56 126
20749 24693 81609 45793 92607 55884 1697 43243 98718 32180 61836 22027 10458 66241 40621 24133 88295 97154 8596 31636 59370 16682 99344 82544 32254 79107 85967 22875 26655 6213 48765 63114 41351 939 62937 22239 34423 2302 41239 74564 6581 49493 57693 4493 36883 9223 16479 83145 36867 34347 12086 71740 26269 7245 86162 40723 84007 62887 60296 31940 97554 19142 88619 27722 47104 44089 61850 48929 73897 72178 18784 91005 49004 85954 45182 81548 14285 84277 80712 58698 97383 49448 4415 28929 56803 67148 86949 91481 52287 33542 30626 27447 97362 99281 79379 15023 92800 48149 15610 96943 62132 4608 30452 33506 70837 37558 25494 11001 77511 45488 13369 64520 86272 10024 90861 60880 39539 39810 67272 65792 23432 68342 17046 55446 25264 83310 
81 10
9268 86279 79511 18456 31106 30539 4736 37652 2707 61114 
709 59
86587 73945 504 9074 70475 11549 57032 42866 57612 43362 41668 6209 42507 7330 58966 76595 77236 82000 11634 34970 49097 17264 47332 93373 3576 56861 77275 73611 12194 66457 24331 42895 13376 13964 3943 83569 74916 51752 96047 9616 56795 12693 30670 78253 64866 17247 65074 67355 55440 69012 60921 76168 47142 47849 76758 61425 58721 45203 36166 
621 112
7007 99815 56004 45207 30461 90736 25457 99955 93451 35924 99758 31739 42801 38911 76894 14910 120 77379 97866 33348 13108 16070 25754 47974 89190 5788 35747 69820 95098 49610 42852 1660 43916 70089 55281 85404 67544 59391 15698 16001 23040 78472 2914 63150 19844 46935 9772 68086 10469 88362 48932 76492 50483 96641 37199 71064 59206 20743 85200 14340 91178 68704 51922 96030 22346 69176 62682 74243 72630 15260 37299 60176 29588 72037 65815 73234 37874 19222 13941 7239 26213 12582 41025 78637 6121 12601 2037 86073 71165 51166 54727 48582 28483 50905 25265 78634 41456 85873 21875 80996 35293 44495 19425 45256 53867 5475 28203 67081 97936 64129 29620 89745 
795 54
18479 5066 91600 41304 10132 89734 13509 2042 27756 80433 50653 74221 15960 42014 6602 4879 67588 45550 53010 69155 9498 96603 26789 90144 47015 35719 25612 86676 50926 91328 94719 60508 29766 50721 4676 49267 89279 28670 26249 16293 51083 64264 31077 8091 7478 59972 11378 84232 32067 56329 77380 43790 38122 93109 
646 52
36642 97693 84156 18272 83064 10211 65688 32649 59750 59364 16323 49130 54641 80683 23373 95276 65095 97532 80610 98209 74248 57857 63609 84753 89003 24966 15466 97071 14722 6574 28902 82024 65437 38525 88614 32558 92508 46000 51365 57846 66047 49584 78505 13724 28553 37325 20877 42180 57552 27919 81198 83452 
798 50
81387 56305 45122 54112 41847 78591 26384 82903 49280 26356 39436 5154 83907 91278 3734 30289 74828 7042 99077 96415 15626 28626 12302 65638 35271 15679 10984 33267 74467 96854 10399 84056 37335 68892 57296 35565 40002 13265 91538 41385 19661 37247 18078 18444 31417 54963 2227 23816 7004 88016 
200 94
42777 44160 8436 15227 5822 71463 31918 13694 56603 34276 727 59878 95228 68782 9792 17275 35660 85515 35699 6980 58371 61124 51296 76194 32243 93601 25748 9629 60334 54905 1580 37343 74768 70717 17016 50755 55347 76803 40913 236 18743 95373 80944 12884 45907 30687 31585 5735 26082 37002 91319 46037 77663 53959 69965 82889 7729 54597 91788 88054 23808 47803 61702 30647 5916 47674 41637 66231 95827 42974 28834 99450 22999 38987 20432 69857 85208 21343 73149 63737 22493 47624 91498 84821 99210 82914 40291 96058 65832 46915 36247 1907 77886 22304 
600 45
64586 93167 46371 21943 7195 30537 82954 4447 22590 36221 52975 97658 44236 16982 82892 48051 79227 68519 31649 69727 32446 30304 9615 71503 45997 95889 83379 358 93422 63646 5048 68803 47392 40652 70366 92346 91378 10151 79442 67546 84487 36959 52600 52512 32861 
389 84
41203 21031 96351 53449 85390 34389 49648 42842 98430 35446 36913 66599 56485 3437 52289 9334 1026 37912 38403 82356 607 99938 28449 81223 48372 66481 34192 6955 69057 61043 81136 98747 4704 46508 60445 28472 2928 2558 44955 44363 80640 87577 78426 18964 38749 49706 49742 29429 62229 16688 17189 13235 80359 50260 75287 79432 52820 22903 59035 82968 86565 75666 82604 95627 77631 44042 70288 65571 8762 18564 46983 27289 60096 44577 80965 83618 14951 11080 84760 66718 35374 38251 97994 79039 
212 78
88644 64144 97607 81915 51353 81133 86430 69150 97531 8864 93721 2217 60286 64461 69183 52047 40022 73407 179 88095 86865 11833 38966 46401 43024 9902 82043 25177 93516 14688 58336 96559 65177 48165 99185 9230 84696 95307 57495 58601 43594 35742 78550 91949 63699 12843 50101 72825 23939 37154 58393 49223 66658 26009 72831 20495 86458 89742 51968 77081 87217 71560 77260 13989 88551 17470 2779 17661 48208 54817 98574 11983 74369 65113 73083 86448 4404 43003 
247 72
63292 34259 91468 22176 3750 2783 28009 40206 95500 50743 90823 46369 91362 5875 14447 55534 92563 61827 58738 90566 91412 82579 38948 25132 15118 86950 25068 20741 95328 99139 62178 39403 54387 22133 54086 69790 12310 67603 71517 27107 45714 41858 57628 97344 8319 51989 50207 815 84174 32431 18729 34474 44607 95473 51145 46717 8597 72824 59424 80824 54123 34092 31733 71494 61556 25874 80935 5372 47968 20787 25232 90324 
252 66
32082 53950 58494 45540 11892 41656 17808 26341 97584 863 78500 7187 94103 30993 52788 64919 48426 24007 72963 71785 67738 29060 38084 94571 38837 99240 39008 90626 64164 5430 21755 65024 83532 97538 48910 98488 23013 84044 18574 62739 26792 84788 67154 74456 90845 49730 8148 73061 81213 90664 62874 48596 75586 59 39934 34744 71890 15114 75107 69205 6791 36118 24338 83253 32496 24429 
606 60
40234 29858 18232 7649 20095 53979 70537 66632 32722 29397 76225 10476 20167 72409 42015 22291 61115 32313 94554 5653 87859 57199 72345 20484 83448 26924 91420 97371 99950 41994 26222 60339 73843 51038 8245 11302 1135 84226 3275 39078 90614 86966 39216 69689 72127 43420 38940 46861 81670 98655 67979 10389 18454 35079 95858 7326 87777 41517 60698 82766 
160 54
83182 83084 89994 59094 82996 16456 20529 4435 90187 63323 44550 5756 19659 76989 75054 78884 49726 38546 41918 17161 73137 21077 36803 47190 82706 39196 23499 85748 56993 75237 48435 84402 3338 64992 74288 87340 29073 11375 77286 69618 4601 79476 63174 30559 86621 30085 89990 18192 2976 10846 19015 64480 1611 10550 
571 48
95994 86468 89522 3573 64938 4970 57782 16999 21295 55448 96256 62873 70241 9093 25321 40868 98840 46843 63070 25360 4202 48674 93014 36114 76411 33089 95399 99749 51732 23613 72117 33392 66363 47341 55876 79731 26654 30933 29967 32855 60253 45915 47277 70841 75520 90998 80612 80184 
267 42
3755 99703 18471 62447 91828 97153 43569 72799 38602 34357 42091 81545 36519 98562 66906 22470 79488 75641 34368 13097 40679 46387 37682 63792 31303 34968 76966 40997 36437 25056 93044 52453 80902 42742 32974 73911 22666 85171 46166 49144 48919 2024 
491 19
99672 71469 72342 42567 94281 14079 26744 12355 74091 61620 20166 45345 23126 27915 93091 36127 8857 80648 14947 
639 32
75804 67905 50301 46405 19081 61721 56820 58383 4479 71510 23814 83681 6847 12990 82836 61239 54618 42839 66674 21851 73419 62624 45072 40219 91290 57325 39374 87300 22838 26561 98326 22377 
85 14
3554 32807 37293 11414 70639 63586 3402 23711 3925 57201 2631 10525 17360 66384 
736 12
59523 18539 64363 15865 51931 55517 56823 54799 32107 22069 8682 19155 
793 10
23263 39446 88746 82922 12524 93737 35581 26232 22034 96755 
594 8
19986 25284 88583 73341 98774 64881 50026 32952 
4 6
91924 50626 83898 3429 5182 54836 
209 4
92789 18893 55612 90064 
516 2
10169 85956 
